Date,MA5,MA10,MA20,MACD,K,D,J,RSI6,RSI12,RSI24,BIAS5,BIAS10,BIAS20,OBV,Signal,Close
02- 10,25.256,25.207,24.8485,0.02705,0.284974,0.383897,0.581743,0.5,0.5,0.583333,-0.003405,-0.001468,0.012938,212669898.0,-1.0,25.17
02-13,25.146,25.196,24.8825,0.004666,0.110003,0.292599,0.657791,0.5,0.5,0.583333,-0.012169,-0.014129,-0.001708,162332087.0,1.0,24.84
02-14,25.024,25.181,24.9245,-0.011093,0.003615,0.196271,0.581583,0.5,0.583333,0.625,-0.006953,-0.013145,-0.002989,183329134.0,1.0,24.85
02-15,24.962,25.131,24.9755,-0.021344,-0.029179,0.121121,0.421721,0.5,0.5,0.625,-0.003686,-0.010386,-0.004224,207632627.0,-1.0,24.87
02-16,24.886,25.065,25.013,-0.036373,-0.095933,0.04877,0.338176,0.666667,0.5,0.625,-0.007474,-0.014562,-0.012513,181986535.0,1.0,24.7
02-17,24.832,25.044,25.05,-0.036849,-0.03841,0.01971,0.135949,0.666667,0.583333,0.666667,0.002738,-0.00575,-0.005988,205688108.0,1.0,24.9
02-20,24.952,25.049,25.0895,-0.010767,0.263995,0.101138,-0.224575,0.833333,0.666667,0.708333,0.019558,0.015609,0.01397,257608887.0,1.0,25.44
02-21,25.072,25.048,25.125,0.007785,0.432614,0.21163,-0.230337,0.833333,0.666667,0.708333,0.015077,0.016049,0.012935,288550003.0,1.0,25.45
02-22,25.318,25.14,25.18,0.051846,0.569391,0.330884,-0.14613,0.666667,0.583333,0.666667,0.030887,0.038186,0.036537,342934286.0,-1.0,26.1
02-23,25.582,25.234,25.2215,0.076883,0.636321,0.432696,0.025447,0.666667,0.583333,0.625,0.017121,0.031148,0.031659,316645911.0,-1.0,26.02
02-24,25.758,25.295,25.251,0.079893,0.611916,0.492436,0.253476,0.5,0.583333,0.583333,0.000854,0.019174,0.02095,295535559.0,-1.0,25.78
02-27,25.766,25.359,25.2775,0.064216,0.50229,0.495721,0.482583,0.5,0.583333,0.583333,-0.0111,0.004771,0.008011,274994960.0,1.0,25.48
02-28,25.832,25.452,25.3165,0.066041,0.501695,0.497712,0.489747,0.5,0.666667,0.583333,-0.002013,0.012887,0.018308,288776833.0,1.0,25.78
03-01,25.772,25.545,25.338,0.065936,0.486909,0.494111,0.508515,0.333333,0.583333,0.541667,0.001086,0.009982,0.018233,308636900.0,-1.0,25.8
03-02,25.714,25.648,25.3565,0.059824,0.42776,0.471994,0.560462,0.5,0.583333,0.583333,0.000622,0.003197,0.01473,293920878.0,0.0,25.73
03-03,25.704,25.731,25.3875,0.053215,0.373609,0.439199,0.570379,0.5,0.583333,0.541667,0.001012,-3.9e-05,0.013491,310149255.0,-1.0,25.73
03-06,25.69,25.728,25.3885,0.02969,0.204324,0.360907,0.674074,0.5,0.5,0.5,-0.010899,-0.01236,0.000847,283494632.0,-1.0,25.41
03-07,25.594,25.713,25.3805,0.00575,0.034473,0.252096,0.687341,0.333333,0.416667,0.5,-0.011487,-0.016062,-0.003172,256236762.0,-1.0,25.3
03-08,25.474,25.623,25.3815,-0.017383,-0.092628,0.137188,0.59682,0.166667,0.333333,0.5,-0.010756,-0.016509,-0.007151,243208385.0,-1.0,25.2
03-09,25.288,25.501,25.3675,-0.055375,-0.292329,-0.005984,0.566704,0.333333,0.333333,0.5,-0.019298,-0.027489,-0.022371,214718295.0,1.0,24.8
03-10,25.17,25.437,25.366,-0.063302,-0.238104,-0.083358,0.226136,0.166667,0.333333,0.458333,-0.001192,-0.011676,-0.00891,231371256.0,-1.0,25.14
03-13,25.058,25.374,25.3665,-0.08364,-0.277097,-0.147937,0.110382,0.333333,0.416667,0.5,-0.008301,-0.020651,-0.020362,196218751.0,1.0,24.85
03-14,25.012,25.303,25.3775,-0.08459,-0.181199,-0.159024,-0.114675,0.333333,0.416667,0.5,0.002319,-0.009208,-0.012117,219824712.0,-1.0,25.07
03-15,24.984,25.229,25.387,-0.084249,-0.083603,-0.133884,-0.234446,0.333333,0.333333,0.458333,0.003042,-0.006699,-0.012881,195986354.0,-1.0,25.06
03-16,25.024,25.156,25.402,-0.085706,-0.023693,-0.097154,-0.244075,0.333333,0.25,0.458333,-0.000959,-0.006201,-0.015826,171812307.0,-1.0,25.0
03-17,24.87,25.02,25.3755,-0.119858,-0.211077,-0.135128,0.016769,0.166667,0.25,0.416667,-0.020105,-0.025979,-0.039625,104619105.0,-1.0,24.37
03-20,24.756,24.907,25.3175,-0.146443,-0.340942,-0.203733,0.070685,0.333333,0.25,0.416667,-0.019228,-0.025174,-0.04098,69599879.0,1.0,24.28
03-21,24.676,24.844,25.2785,-0.140161,-0.177243,-0.194903,-0.230223,0.166667,0.25,0.416667,-0.000243,-0.007004,-0.024072,108948173.0,-1.0,24.67
03-22,24.552,24.768,25.1955,-0.14533,-0.155963,-0.181923,-0.233843,0.333333,0.333333,0.416667,-0.004562,-0.013243,-0.029986,88862605.0,1.0,24.44
03-23,24.546,24.785,25.143,-0.11565,0.098372,-0.088491,-0.462218,0.5,0.416667,0.416667,0.017274,0.007464,-0.006881,133308790.0,1.0,24.97
03-24,24.72,24.795,25.116,-0.076518,0.362867,0.061962,-0.539849,0.5,0.416667,0.375,0.021036,0.017947,0.004937,171302954.0,-1.0,25.24
03-27,24.878,24.817,25.0955,-0.05656,0.439206,0.18771,-0.315283,0.5,0.333333,0.333333,0.007718,0.010195,-0.001016,141116548.0,-1.0,25.07
03-28,24.88,24.778,25.0405,-0.063265,0.359086,0.244835,0.016334,0.333333,0.333333,0.333333,-0.008039,-0.003955,-0.014397,111573705.0,-1.0,24.68
03-29,24.922,24.737,24.983,-0.068143,0.313824,0.267831,0.175846,0.5,0.333333,0.375,-0.010914,-0.003517,-0.013329,90737224.0,1.0,24.65
03-30,24.874,24.71,24.933,-0.065244,0.303875,0.279846,0.231788,0.5,0.416667,0.416667,-0.005789,0.000809,-0.008142,112953181.0,1.0,24.73
03-31,24.902,24.811,24.9155,-0.023922,0.510797,0.35683,0.048895,0.5,0.5,0.416667,0.019195,0.022933,0.018643,157712144.0,0.0,25.38
04-05,24.964,24.921,24.914,0.006117,0.599572,0.437744,0.114087,0.666667,0.583333,0.416667,0.016664,0.018418,0.018704,211856292.0,1.0,25.38
04-06,25.182,25.031,24.9375,0.050087,0.684661,0.52005,0.190827,0.666667,0.583333,0.416667,0.02335,0.029523,0.033383,282737067.0,-1.0,25.77
04-07,25.388,25.155,24.9615,0.07489,0.708439,0.582846,0.33166,0.666667,0.5,0.375,0.011501,0.020871,0.028784,250835347.0,-1.0,25.68
04-10,25.522,25.198,24.9915,0.074287,0.627015,0.597569,0.538677,0.666667,0.583333,0.416667,-0.00478,0.008017,0.016346,213688596.0,1.0,25.4
04-11,25.55,25.226,25.0105,0.079061,0.608486,0.601208,0.586652,0.666667,0.583333,0.458333,-0.001174,0.011655,0.020371,252006902.0,1.0,25.52
04-12,25.598,25.281,25.049,0.086335,0.619884,0.607434,0.582532,0.5,0.5,0.458333,0.000859,0.013409,0.022795,285028893.0,-1.0,25.62
04-13,25.534,25.358,25.068,0.079219,0.535686,0.583518,0.679182,0.333333,0.5,0.458333,-0.00329,0.003628,0.015239,265140555.0,-1.0,25.45
04-14,25.482,25.435,25.086,0.07028,0.436799,0.534611,0.730237,0.5,0.583333,0.458333,-0.002433,-0.00059,0.013314,241813854.0,1.0,25.42
04-17,25.518,25.52,25.115,0.071513,0.432362,0.500528,0.636861,0.666667,0.666667,0.5,0.00243,0.002351,0.018515,263671355.0,1.0,25.58
04-18,25.616,25.583,25.197,0.096013,0.540805,0.513954,0.460251,0.666667,0.666667,0.5,0.015381,0.016691,0.032266,336922573.0,1.0,26.01
04-19,25.714,25.656,25.2885,0.116739,0.636029,0.554646,0.391878,0.666667,0.666667,0.541667,0.0154,0.017696,0.032485,385912835.0,1.0,26.11
04-20,26.054,25.794,25.4125,0.190503,0.709734,0.606342,0.399557,0.833333,0.666667,0.583333,0.042066,0.05257,0.068372,483198677.0,1.0,27.15
04-21,26.41,25.946,25.5505,0.240759,0.763659,0.658781,0.449025,1.0,0.666667,0.625,0.029913,0.048331,0.064558,537664937.0,1.0,27.2
04-24,26.74,26.129,25.6635,0.271743,0.801428,0.70633,0.516134,1.0,0.75,0.666667,0.018325,0.042137,0.06104,597053308.0,1.0,27.23
04-25,26.994,26.305,25.7655,0.289324,0.832708,0.748456,0.579952,1.0,0.833333,0.666667,0.010595,0.037065,0.05878,639385804.0,1.0,27.28
04-26,27.318,26.516,25.8985,0.320955,0.815933,0.770948,0.680978,1.0,0.833333,0.708333,0.015082,0.045784,0.070718,686751500.0,1.0,27.73
04-27,27.498,26.776,26.067,0.353797,0.857921,0.799939,0.683975,0.833333,0.75,0.666667,0.020074,0.04758,0.076073,727711325.0,-1.0,28.05
04-28,27.508,26.959,26.197,0.318603,0.710053,0.769977,0.889825,0.666667,0.75,0.625,-0.009379,0.010794,0.040195,680801687.0,-1.0,27.25
05-02,27.508,27.124,26.322,0.283043,0.58852,0.709491,0.951434,0.666667,0.833333,0.666667,-0.010106,0.003908,0.034496,657515550.0,1.0,27.23
05-03,27.618,27.306,26.4445,0.285678,0.641247,0.686743,0.777736,0.666667,0.833333,0.708333,0.007676,0.01919,0.052393,691159289.0,1.0,27.83
05-04,27.646,27.482,26.569,0.281149,0.676832,0.68344,0.696655,0.666667,0.833333,0.75,0.008102,0.014118,0.048967,712711703.0,1.0,27.87
05-05,27.632,27.565,26.6795,0.275759,0.729892,0.698924,0.636987,0.666667,0.833333,0.75,0.012594,0.015055,0.048745,740169100.0,1.0,27.98
05-08,27.798,27.653,26.7995,0.269133,0.723509,0.707119,0.674338,0.666667,0.75,0.708333,0.010145,0.015441,0.047781,778662971.0,-1.0,28.08
05-09,27.79,27.649,26.889,0.200986,0.473447,0.629228,0.940791,0.833333,0.75,0.708333,-0.021591,-0.016601,0.011194,741278188.0,1.0,27.19
05-10,27.664,27.641,26.973,0.145816,0.327536,0.528664,0.93092,0.833333,0.75,0.708333,-0.016773,-0.015955,0.008416,776896010.0,1.0,27.2
05-11,27.6,27.623,27.0695,0.122041,0.326818,0.461382,0.73051,0.833333,0.75,0.75,-0.001812,-0.002643,0.017751,810685573.0,1.0,27.55
05-12,27.608,27.62,27.198,0.128513,0.442073,0.454946,0.480691,0.666667,0.666667,0.75,0.014923,0.014482,0.030223,833474255.0,-1.0,28.02
05-15,27.586,27.692,27.3255,0.124249,0.493677,0.467856,0.416215,0.666667,0.666667,0.75,0.01392,0.010039,0.023586,810822390.0,1.0,27.97
05-16,27.804,27.797,27.4605,0.134599,0.616059,0.517257,0.319653,0.666667,0.666667,0.708333,0.01712,0.017376,0.029843,838022912.0,-1.0,28.28
05-17,27.998,27.831,27.5685,0.129081,0.575954,0.536823,0.45856,0.5,0.666667,0.708333,0.006143,0.012181,0.021818,805395055.0,-1.0,28.17
05-18,28.102,27.851,27.6665,0.112957,0.523262,0.532303,0.550384,0.5,0.666667,0.75,-0.001139,0.007863,0.014584,789798458.0,1.0,28.07
05-19,28.194,27.901,27.733,0.1212,0.575666,0.546757,0.488939,0.5,0.666667,0.75,0.010144,0.020752,0.026935,805699119.0,1.0,28.48
05-22,28.358,27.972,27.8125,0.140324,0.675915,0.58981,0.417599,0.666667,0.666667,0.75,0.015234,0.029244,0.035146,829944307.0,1.0,28.79
05-23,28.548,28.176,27.9125,0.174725,0.770698,0.650106,0.408921,0.666667,0.666667,0.75,0.02389,0.037408,0.047201,863010965.0,1.0,29.23
05-24,28.794,28.396,28.0185,0.202296,0.816938,0.705717,0.483274,0.666667,0.666667,0.708333,0.021046,0.035357,0.049307,892628671.0,-1.0,29.4
05-25,29.048,28.575,28.099,0.209929,0.828819,0.746751,0.582615,0.833333,0.666667,0.708333,0.010052,0.026772,0.044165,870309762.0,1.0,29.34
05-26,29.276,28.735,28.1775,0.22424,0.816841,0.770114,0.67666,0.833333,0.666667,0.708333,0.01175,0.030799,0.051193,891410349.0,1.0,29.62
05-31,29.532,28.945,28.3185,0.253429,0.867521,0.802583,0.672708,0.833333,0.666667,0.708333,0.018218,0.038867,0.06185,932776211.0,1.0,30.07
06-01,29.79,29.169,28.483,0.29236,0.908013,0.837726,0.697153,0.666667,0.666667,0.666667,0.024505,0.046316,0.071516,988907253.0,-1.0,30.52
06-02,29.968,29.381,28.606,0.29468,0.855184,0.843546,0.820269,0.5,0.583333,0.625,0.010745,0.030938,0.058869,959701781.0,-1.0,30.29
06-05,29.946,29.497,28.674,0.218886,0.594814,0.760635,1.092277,0.666667,0.666667,0.666667,-0.02391,-0.009052,0.01939,909017093.0,1.0,29.23
06-06,30.062,29.669,28.785,0.21614,0.613987,0.711752,0.907283,0.5,0.666667,0.666667,0.004591,0.017897,0.049158,941415753.0,-1.0,30.2
06-07,30.062,29.797,28.8845,0.196506,0.583366,0.668957,0.840139,0.5,0.666667,0.666667,0.000266,0.009162,0.041043,902995954.0,1.0,30.07
06-08,30.134,29.962,29.069,0.224079,0.665269,0.667728,0.672644,0.5,0.666667,0.666667,0.024756,0.030639,0.0623,944560754.0,1.0,30.88
06-09,30.264,30.116,29.256,0.23746,0.692807,0.676088,0.642648,0.666667,0.666667,0.666667,0.022337,0.027361,0.057561,978402883.0,1.0,30.94
06-12,30.668,30.307,29.441,0.255964,0.706552,0.686242,0.645623,0.833333,0.666667,0.666667,0.018977,0.031115,0.061445,1015842954.0,1.0,31.25
06-13,31.166,30.614,29.6745,0.348418,0.794335,0.722273,0.57815,0.666667,0.666667,0.666667,0.048899,0.067812,0.101619,1068108610.0,-1.0,32.69
06-14,31.56,30.811,29.878,0.359839,0.75707,0.733872,0.687477,0.666667,0.583333,0.625,0.015209,0.039888,0.072361,1024819236.0,-1.0,32.04
06-15,31.748,30.941,30.055,0.340144,0.697292,0.721679,0.770452,0.5,0.5,0.583333,0.002268,0.028409,0.058726,977701746.0,-1.0,31.82
06-16,31.39,30.827,30.104,0.144617,0.292715,0.578691,1.150642,0.5,0.5,0.583333,-0.07136,-0.0544,-0.03169,923088617.0,1.0,29.15
06-19,31.014,30.841,30.169,0.010429,0.054433,0.403938,1.102949,0.333333,0.5,0.583333,-0.053008,-0.047696,-0.026484,954847490.0,-1.0,29.37
06-20,30.286,30.726,30.1975,-0.11083,-0.122373,0.228501,0.930249,0.333333,0.583333,0.583333,-0.040811,-0.054547,-0.038,903875574.0,1.0,29.05
06-21,29.872,30.716,30.2565,-0.141805,-0.10477,0.117411,0.561773,0.5,0.583333,0.625,0.003281,-0.024287,-0.009469,951887958.0,1.0,29.97
06-22,29.53,30.639,30.3005,-0.156843,-0.059973,0.058283,0.294795,0.666667,0.666667,0.666667,0.019641,-0.017266,-0.006287,998215592.0,1.0,30.11
06-23,29.758,30.574,30.345,-0.157566,0.008647,0.041738,0.107919,0.833333,0.666667,0.666667,0.017878,-0.009289,-0.001812,1036189319.0,1.0,30.29
06-26,30.11,30.562,30.4345,-0.106386,0.1543,0.079258,-0.070825,0.833333,0.666667,0.666667,0.033876,0.018585,0.022852,1086957608.0,1.0,31.13
06-27,30.558,30.422,30.518,-0.062361,0.309763,0.156093,-0.151246,0.833333,0.583333,0.625,0.023954,0.028532,0.025297,1115857440.0,-1.0,31.29
06-28,30.718,30.295,30.553,-0.067372,0.427103,0.24643,-0.114917,0.666667,0.5,0.583333,0.001693,0.015679,0.007102,1086045493.0,-1.0,30.77
06-29,30.844,30.187,30.564,-0.076171,0.488632,0.327164,0.004227,0.666667,0.583333,0.625,-0.003372,0.018319,0.005758,1062219156.0,1.0,30.74
06-30,30.996,30.377,30.602,-0.065931,0.586939,0.413756,0.067389,0.5,0.583333,0.583333,0.001742,0.022155,0.01464,1082641230.0,-1.0,31.05
07-03,30.926,30.518,30.6795,-0.079004,0.572128,0.466547,0.255383,0.5,0.666667,0.583333,-0.004721,0.008585,0.003276,1048669021.0,0.0,30.78
07-04,30.824,30.691,30.7085,-0.091229,0.540926,0.49134,0.392167,0.5,0.666667,0.583333,-0.001427,0.0029,0.002328,1088205830.0,1.0,30.78
07-05,30.946,30.832,30.774,-0.064564,0.624183,0.535621,0.358496,0.666667,0.75,0.625,0.014024,0.017774,0.019692,1121897041.0,1.0,31.38
07-06,31.26,31.052,30.8455,0.010023,0.724485,0.598576,0.346757,0.666667,0.666667,0.625,0.033589,0.040513,0.047479,1164455602.0,-1.0,32.31
07-07,31.46,31.228,30.901,0.041582,0.709055,0.635402,0.488096,0.5,0.583333,0.583333,0.018754,0.026323,0.037183,1136803005.0,-1.0,32.05
07-10,31.6,31.263,30.9125,0.022124,0.590446,0.620417,0.680358,0.666667,0.583333,0.625,-0.003797,0.006941,0.018358,1112490433.0,1.0,31.48
07-11,31.832,31.328,30.875,0.032048,0.588857,0.609897,0.651977,0.5,0.5,0.583333,0.003393,0.019535,0.034494,1135502212.0,-1.0,31.94
07-12,31.888,31.417,30.856,0.015752,0.523202,0.580998,0.696592,0.333333,0.416667,0.541667,-0.00715,0.007735,0.026057,1110074526.0,-1.0,31.66
07-13,31.666,31.463,30.825,-0.030206,0.375197,0.512398,0.7868,0.333333,0.5,0.541667,-0.014716,-0.008359,0.012165,1084420484.0,1.0,31.2
07-14,31.622,31.541,30.959,-0.027055,0.398059,0.474285,0.626737,0.5,0.583333,0.541667,0.006578,0.009163,0.028134,1105056313.0,1.0,31.83
07-17,31.754,31.677,31.0975,-0.009316,0.474304,0.474291,0.474266,0.5,0.5,0.541667,0.012156,0.014616,0.033524,1137325976.0,-1.0,32.14
07-18,31.67,31.751,31.221,-0.040586,0.361172,0.436585,0.587411,0.333333,0.5,0.541667,-0.004736,-0.007275,0.009577,1107997865.0,-1.0,31.52
07-19,31.604,31.746,31.289,-0.078659,0.247065,0.373412,0.626104,0.5,0.5,0.583333,-0.00867,-0.013104,0.00131,1081679658.0,1.0,31.33
07-20,31.698,31.682,31.367,-0.086977,0.310159,0.352327,0.436665,0.5,0.416667,0.541667,-0.000883,-0.000379,0.00966,1113719617.0,-1.0,31.67
07-21,31.598,31.61,31.419,-0.11702,0.253961,0.319538,0.450693,0.5,0.416667,0.583333,-0.008482,-0.008858,-0.002833,1090581148.0,1.0,31.33
07-24,31.498,31.626,31.4445,-0.120466,0.323727,0.320935,0.31535,0.333333,0.416667,0.541667,0.004508,0.000443,0.006217,1116446679.0,-1.0,31.64
07-25,31.506,31.588,31.458,-0.129594,0.344763,0.328878,0.297106,0.333333,0.416667,0.5,0.001714,-0.000886,0.003242,1100026497.0,-1.0,31.56
07-26,31.338,31.471,31.444,-0.205314,0.051356,0.236371,0.606399,0.333333,0.333333,0.458333,-0.02706,-0.031172,-0.03034,1043360168.0,-1.0,30.49
07-27,31.094,31.396,31.4295,-0.261027,-0.097333,0.125136,0.570074,0.166667,0.333333,0.416667,-0.020711,-0.030131,-0.031165,1011147380.0,-1.0,30.45
07-28,30.9,31.249,31.395,-0.304176,-0.187556,0.020905,0.437827,0.166667,0.333333,0.375,-0.017476,-0.028449,-0.032967,995992484.0,-1.0,30.36
07-31,30.6,31.049,31.363,-0.345418,-0.260534,-0.072908,0.302345,0.166667,0.333333,0.416667,-0.015033,-0.029276,-0.038995,975533398.0,1.0,30.14
08-01,30.318,30.912,31.3315,-0.369488,-0.261327,-0.135714,0.115512,0.166667,0.25,0.416667,-0.005541,-0.024651,-0.03771,999945188.0,-1.0,30.15
08-02,30.236,30.787,31.2665,-0.385628,-0.244731,-0.172053,-0.026697,0.166667,0.25,0.375,-0.005159,-0.022964,-0.037948,976718992.0,-1.0,30.08
08-03,29.962,30.528,31.105,-0.454616,-0.363359,-0.235822,0.019253,0.333333,0.333333,0.416667,-0.029437,-0.047432,-0.065102,933122154.0,1.0,29.08
08-04,29.754,30.327,30.9685,-0.480431,-0.33548,-0.269041,-0.136164,0.5,0.333333,0.416667,-0.014586,-0.033205,-0.053232,964097517.0,1.0,29.32
08-07,29.638,30.119,30.8725,-0.474637,-0.229464,-0.255849,-0.308618,0.5,0.333333,0.375,-0.002632,-0.01856,-0.042514,981703406.0,-1.0,29.56
08-08,29.406,29.862,30.725,-0.497734,-0.295036,-0.268911,-0.216661,0.5,0.333333,0.375,-0.014147,-0.029201,-0.056469,960872431.0,1.0,28.99
08-09,29.258,29.747,30.609,-0.482029,-0.203286,-0.247036,-0.334537,0.666667,0.416667,0.416667,0.002803,-0.013682,-0.041458,989139894.0,1.0,29.34
08-10,29.364,29.663,30.5295,-0.443928,-0.041881,-0.178651,-0.452191,0.833333,0.5,0.458333,0.008378,-0.001787,-0.030118,1014200280.0,1.0,29.61
08-11,29.444,29.599,30.424,-0.400756,0.141279,-0.072008,-0.498581,0.666667,0.5,0.416667,0.009374,0.004088,-0.02314,1041593025.0,-1.0,29.72
08-14,29.45,29.544,30.2965,-0.370073,0.234831,0.030272,-0.378847,0.666667,0.583333,0.458333,0.004754,0.001557,-0.02332,1023641573.0,1.0,29.59
08-15,29.588,29.497,30.2045,-0.334818,0.352945,0.13783,-0.292401,0.666667,0.583333,0.458333,0.003109,0.006204,-0.017365,1036068252.0,-1.0,29.68
08-16,29.62,29.439,30.113,-0.314162,0.421777,0.232479,-0.146118,0.5,0.5,0.416667,-0.004051,0.002072,-0.020357,1010649472.0,-1.0,29.5
08-17,29.576,29.47,29.999,-0.299762,0.399899,0.288285,0.065059,0.333333,0.5,0.375,-0.006289,-0.002715,-0.020301,997173494.0,-1.0,29.39
08-18,29.482,29.463,29.895,-0.291902,0.316468,0.29768,0.260103,0.333333,0.583333,0.416667,-0.007869,-0.007229,-0.021576,978808297.0,0.0,29.25
08-21,29.414,29.432,29.7755,-0.27981,0.246791,0.280717,0.348568,0.5,0.583333,0.458333,-0.005576,-0.006184,-0.017649,996392365.0,1.0,29.25
08-22,29.452,29.52,29.691,-0.22538,0.446285,0.335906,0.115149,0.5,0.583333,0.458333,0.014193,0.011856,0.006029,1021260772.0,1.0,29.87
08-23,29.548,29.584,29.6655,-0.174512,0.545346,0.405719,0.126467,0.666667,0.666667,0.5,0.01462,0.013386,0.010602,1042396877.0,1.0,29.98
08-24,29.738,29.657,29.66,-0.111406,0.693571,0.50167,0.117868,0.833333,0.666667,0.5,0.020243,0.02303,0.022927,1061699889.0,1.0,30.34
08-25,29.982,29.732,29.6655,-0.055722,0.775106,0.592815,0.228234,1.0,0.666667,0.541667,0.016276,0.024822,0.027119,1080454137.0,1.0,30.47
08-28,30.278,29.846,29.695,0.001628,0.781889,0.65584,0.403742,0.833333,0.583333,0.541667,0.014928,0.029619,0.034854,1114730869.0,-1.0,30.73
08-29,30.344,29.898,29.6975,0.008451,0.656918,0.656199,0.654762,0.666667,0.583333,0.541667,-0.004746,0.010101,0.016921,1093752548.0,-1.0,30.2
08-30,30.318,29.933,29.686,-0.009367,0.477401,0.5966,0.834997,0.5,0.5,0.541667,-0.015436,-0.002773,0.005524,1066561249.0,-1.0,29.85
08-31,30.196,29.967,29.7185,-0.029619,0.319664,0.504288,0.873535,0.333333,0.5,0.541667,-0.015433,-0.007909,0.000387,1050437070.0,-1.0,29.73
09-01,30.012,29.997,29.73,-0.054911,0.156157,0.388244,0.852419,0.333333,0.583333,0.541667,-0.015394,-0.014901,-0.006054,1034869178.0,1.0,29.55
09-04,29.786,30.032,29.732,-0.068484,0.05384,0.276776,0.722649,0.166667,0.583333,0.541667,-0.006245,-0.014385,-0.00444,1050865051.0,-1.0,29.6
09-05,29.65,29.997,29.7585,-0.081635,-0.023753,0.1766,0.577305,0.166667,0.5,0.541667,-0.004384,-0.015902,-0.008015,1037181521.0,-1.0,29.52
09-06,29.528,29.923,29.7535,-0.106859,-0.122891,0.07677,0.476091,0.333333,0.5,0.541667,-0.009753,-0.022825,-0.017258,1015775253.0,1.0,29.24
09-07,29.436,29.816,29.7365,-0.120239,-0.151309,0.000743,0.304848,0.333333,0.416667,0.5,-0.005639,-0.018312,-0.015688,1028584433.0,-1.0,29.27
09-08,29.37,29.691,29.7115,-0.129898,-0.167731,-0.055415,0.169218,0.5,0.416667,0.541667,-0.005107,-0.015863,-0.016542,1015455521.0,1.0,29.22
09-11,29.332,29.559,29.7025,-0.121306,-0.090488,-0.067106,-0.020342,0.5,0.416667,0.541667,0.002659,-0.005041,-0.009848,1033852049.0,1.0,29.41
09-12,29.402,29.526,29.712,-0.082673,0.18288,0.016223,-0.317091,0.5,0.333333,0.5,0.015917,0.011651,0.005318,1062517935.0,-1.0,29.87
09-13,29.442,29.485,29.709,-0.080292,0.183298,0.071915,-0.150853,0.5,0.333333,0.458333,-6.8e-05,-0.001526,-0.009054,1046867171.0,-1.0,29.44
09-14,29.398,29.417,29.692,-0.101155,0.048418,0.064082,0.095412,0.5,0.416667,0.5,-0.011838,-0.012476,-0.021622,1020526252.0,1.0,29.05
09-15,29.366,29.368,29.6825,-0.112485,-0.008929,0.039745,0.137094,0.666667,0.5,0.5,-0.01042,-0.010488,-0.020972,1037205997.0,1.0,29.06
09-18,29.404,29.368,29.7,-0.082915,0.157969,0.079153,-0.078479,0.5,0.5,0.5,0.006666,0.0079,-0.003367,1068685945.0,-1.0,29.6
09-19,29.286,29.344,29.6705,-0.079751,0.155627,0.104644,0.002679,0.333333,0.416667,0.5,-0.000205,-0.002181,-0.013161,1050614757.0,-1.0,29.28
09-20,29.244,29.343,29.633,-0.078189,0.135666,0.114985,0.073622,0.5,0.5,0.541667,-0.000479,-0.003851,-0.0136,1025631159.0,1.0,29.23
09-21,29.338,29.368,29.592,-0.056085,0.220879,0.150283,0.009091,0.666667,0.583333,0.541667,0.006204,0.005176,-0.002433,1042213169.0,1.0,29.52
09-22,29.588,29.477,29.584,0.011991,0.466341,0.255636,-0.165775,0.666667,0.583333,0.541667,0.024402,0.028259,0.02454,1084881387.0,1.0,30.31
09-25,29.768,29.586,29.5725,0.072835,0.601336,0.370869,-0.090065,0.5,0.583333,0.5,0.02459,0.030893,0.031364,1116298175.0,-1.0,30.5
09-26,30.004,29.645,29.5855,0.112342,0.66176,0.467833,0.079978,0.5,0.5,0.458333,0.015198,0.027492,0.029558,1099388214.0,-1.0,30.46
09-27,30.244,29.744,29.6145,0.13628,0.668178,0.534614,0.267488,0.5,0.416667,0.416667,0.00615,0.023063,0.027537,1078189818.0,-1.0,30.43
09-28,30.424,29.881,29.649,0.149758,0.657885,0.575705,0.411343,0.333333,0.416667,0.375,-0.000131,0.018038,0.026004,1061872990.0,-1.0,30.42
09-29,30.4,29.994,29.681,0.141355,0.568638,0.573349,0.582771,0.333333,0.5,0.416667,-0.006908,0.006535,0.017149,1046110850.0,1.0,30.19
10-09,30.554,30.161,29.7645,0.201047,0.647517,0.598072,0.499182,0.166667,0.416667,0.416667,0.023434,0.036769,0.05058,1093648221.0,-1.0,31.27
10-10,30.56,30.282,29.813,0.188984,0.529297,0.575147,0.666847,0.333333,0.416667,0.458333,-0.002291,0.006869,0.022708,1036957680.0,1.0,30.49
10-11,30.822,30.533,29.938,0.255528,0.666009,0.605434,0.484284,0.5,0.5,0.5,0.029784,0.039531,0.060191,1091749155.0,1.0,31.74
10-12,31.16,30.792,30.08,0.32008,0.746727,0.652532,0.464141,0.5,0.5,0.458333,0.030488,0.042803,0.067487,1117424302.0,-1.0,32.11
10-13,31.516,30.958,30.2175,0.348929,0.725976,0.677013,0.579088,0.666667,0.5,0.5,0.014405,0.032689,0.057996,1096921349.0,1.0,31.97
10-16,31.664,31.109,30.3475,0.362963,0.711835,0.688621,0.642192,0.5,0.416667,0.5,0.010927,0.028963,0.054782,1118494838.0,-1.0,32.01
10-17,31.868,31.214,30.4295,0.331473,0.599344,0.658862,0.777897,0.666667,0.416667,0.5,-0.011234,0.009483,0.035508,1101518365.0,1.0,31.51
10-18,32.054,31.438,30.591,0.37406,0.711957,0.67656,0.605767,0.666667,0.5,0.541667,0.019218,0.039188,0.067961,1136439933.0,1.0,32.67
10-19,32.228,31.694,30.7875,0.413858,0.778951,0.71069,0.57417,0.5,0.5,0.5,0.023334,0.040576,0.071214,1164618213.0,-1.0,32.98
10-20,32.348,31.932,30.963,0.404542,0.738405,0.719929,0.682975,0.5,0.5,0.458333,0.006863,0.01998,0.051901,1150828385.0,-1.0,32.57
10-23,32.424,32.044,31.1025,0.374967,0.647174,0.695677,0.792684,0.5,0.583333,0.5,-0.001049,0.010798,0.041395,1137346900.0,1.0,32.39
10-24,32.682,32.275,31.2785,0.369127,0.671461,0.687605,0.719893,0.666667,0.583333,0.541667,0.003611,0.016266,0.048644,1158903982.0,1.0,32.8
10-25,32.72,32.387,31.46,0.357776,0.696552,0.690587,0.678658,0.5,0.583333,0.5,0.004279,0.014605,0.044501,1173213710.0,-1.0,32.86
10-26,32.582,32.405,31.5985,0.302395,0.51058,0.630585,0.870595,0.5,0.583333,0.5,-0.008962,-0.003549,0.021884,1139197469.0,1.0,32.29
10-27,32.554,32.451,31.7045,0.262176,0.408502,0.556557,0.852667,0.666667,0.583333,0.541667,-0.003809,-0.000647,0.022883,1160896945.0,1.0,32.43
10-30,32.644,32.534,31.8215,0.250797,0.420877,0.511331,0.692237,0.666667,0.583333,0.541667,0.006004,0.009406,0.032007,1183468119.0,-1.0,32.84
10-31,32.382,32.532,31.873,0.147797,0.121517,0.381393,0.901144,0.5,0.5,0.5,-0.027546,-0.03203,-0.012016,1141587890.0,-1.0,31.49
11-01,31.956,32.338,31.888,0.019718,-0.165788,0.198999,0.928573,0.5,0.583333,0.5,-0.038365,-0.049725,-0.036315,1090549067.0,1.0,30.73
11-02,31.65,32.116,31.905,-0.072676,-0.292343,0.035218,0.690342,0.666667,0.583333,0.5,-0.02812,-0.042222,-0.035888,1112254463.0,1.0,30.76
11-03,31.342,31.948,31.94,-0.131009,-0.302692,-0.077418,0.373129,0.666667,0.583333,0.541667,-0.014422,-0.033116,-0.032874,1138330880.0,1.0,30.89
11-06,30.958,31.801,31.9225,-0.169995,-0.267195,-0.140677,0.112359,0.666667,0.666667,0.583333,-0.001227,-0.027704,-0.031404,1168029148.0,1.0,30.92
11-07,30.932,31.657,31.966,-0.168018,-0.155376,-0.145577,-0.125979,0.833333,0.75,0.625,0.013837,-0.009382,-0.018958,1223071357.0,1.0,31.36
11-08,31.06,31.508,31.9475,-0.164294,-0.047592,-0.112915,-0.243562,1.0,0.75,0.666667,0.009981,-0.00438,-0.018077,1255433710.0,1.0,31.37
11-09,31.196,31.423,31.914,-0.155498,0.049301,-0.058843,-0.275131,1.0,0.75,0.666667,0.007822,0.000541,-0.014852,1280850755.0,1.0,31.44
11-10,31.508,31.425,31.938,-0.083254,0.296433,0.059583,-0.414119,1.0,0.833333,0.708333,0.029897,0.032617,0.016031,1332367219.0,1.0,32.45
11-13,31.824,31.391,31.9625,-0.028859,0.450867,0.190011,-0.331702,1.0,0.833333,0.708333,0.021242,0.035329,0.016817,1368039870.0,1.0,32.5
11-14,32.094,31.513,32.0225,0.021736,0.545581,0.308534,-0.16556,0.833333,0.75,0.666667,0.019194,0.037984,0.021469,1399901319.0,-1.0,32.71
11-15,32.322,31.691,32.0145,0.042219,0.568114,0.395061,0.048954,0.666667,0.75,0.666667,0.005816,0.025843,0.015477,1369157367.0,-1.0,32.51
11-16,32.478,31.837,31.9765,0.035022,0.515355,0.435159,0.274767,0.666667,0.833333,0.666667,-0.007944,0.01203,0.007615,1347771321.0,1.0,32.22
11-17,32.632,32.07,32.009,0.090598,0.668605,0.512974,0.201713,0.5,0.75,0.666667,0.018019,0.035859,0.037833,1395735332.0,-1.0,33.22
11-20,32.752,32.288,32.0445,0.117944,0.742147,0.589365,0.283802,0.5,0.75,0.666667,0.010625,0.025149,0.032939,1360761113.0,1.0,33.1
11-21,32.838,32.466,32.0615,0.134686,0.717862,0.632197,0.460868,0.5,0.75,0.666667,0.009197,0.02076,0.033638,1408115188.0,1.0,33.14
11-22,33.172,32.747,32.1275,0.207202,0.80349,0.689295,0.460904,0.5,0.666667,0.666667,0.030387,0.04376,0.063886,1454818592.0,-1.0,34.18
11-23,33.194,32.836,32.1295,0.133098,0.539514,0.639368,0.839076,0.5,0.583333,0.666667,-0.026029,-0.01541,0.00624,1407656002.0,-1.0,32.33
11-24,32.93,32.781,32.103,0.047069,0.307885,0.528874,0.97085,0.333333,0.5,0.625,-0.031278,-0.026875,-0.006323,1373269736.0,-1.0,31.9
11-27,32.66,32.706,32.0485,-0.027495,0.160541,0.406096,0.897206,0.333333,0.416667,0.583333,-0.027863,-0.02923,-0.009314,1333788149.0,-1.0,31.75
11-28,32.352,32.595,32.054,-0.092062,0.050153,0.287448,0.762039,0.166667,0.333333,0.583333,-0.023244,-0.030526,-0.014164,1320475036.0,-1.0,31.6
11-29,31.72,32.446,32.0685,-0.175323,-0.086835,0.162687,0.661732,0.0,0.25,0.541667,-0.022068,-0.04395,-0.032696,1295987693.0,-1.0,31.02
11-30,31.43,32.312,32.0745,-0.241663,-0.167678,0.052566,0.493053,0.166667,0.333333,0.541667,-0.017499,-0.044318,-0.037241,1270822844.0,1.0,30.88
12-01,31.234,32.082,32.076,-0.282722,-0.186088,-0.026985,0.291219,0.333333,0.416667,0.583333,-0.010053,-0.03622,-0.036039,1285604274.0,1.0,30.92
12-04,31.08,31.87,32.079,-0.303361,-0.157957,-0.070643,0.103986,0.5,0.416667,0.625,-0.003218,-0.027926,-0.034259,1307240879.0,1.0,30.98
12-05,31.132,31.742,32.104,-0.256479,-0.012712,-0.051332,-0.128573,0.5,0.416667,0.583333,0.023384,0.003717,-0.0076,1355941018.0,-1.0,31.86
12-06,31.222,31.471,32.109,-0.243619,0.134214,0.010517,-0.236879,0.5,0.333333,0.541667,0.007943,-3.2e-05,-0.019901,1335084211.0,-1.0,31.47
12-07,31.324,31.377,32.1065,-0.235348,0.243981,0.088338,-0.222948,0.5,0.25,0.5,0.002107,0.000414,-0.022316,1320281183.0,-1.0,31.39
12-08,31.388,31.311,32.046,-0.234876,0.266668,0.147781,-0.089992,0.5,0.333333,0.5,-0.004715,-0.002268,-0.025151,1305294271.0,1.0,31.24
12-11,31.596,31.338,32.022,-0.180487,0.491613,0.262392,-0.19605,0.333333,0.333333,0.458333,0.013419,0.021763,-6.2e-05,1330523101.0,-1.0,32.02
12-12,31.502,31.317,31.956,-0.178955,0.458373,0.327719,0.066411,0.333333,0.416667,0.458333,-0.003555,0.002331,-0.017712,1315934861.0,1.0,31.39
12-13,31.55,31.386,31.916,-0.154328,0.520289,0.391909,0.135149,0.333333,0.416667,0.416667,0.005071,0.010323,-0.006454,1332478463.0,-1.0,31.71
12-14,31.494,31.409,31.8605,-0.172498,0.36609,0.383303,0.417728,0.5,0.5,0.416667,-0.012193,-0.00952,-0.023556,1308073288.0,0.0,31.11
12-15,31.468,31.428,31.755,-0.182272,0.249999,0.338868,0.516606,0.666667,0.583333,0.416667,-0.011377,-0.010118,-0.020312,1323270312.0,1.0,31.11
12-18,31.304,31.45,31.66,-0.179989,0.201007,0.292915,0.476729,0.666667,0.583333,0.458333,-0.003322,-0.007949,-0.014529,1337596429.0,1.0,31.2
12-19,31.298,31.4,31.571,-0.16462,0.227732,0.271187,0.358097,0.833333,0.583333,0.5,0.001981,-0.001274,-0.006683,1351319878.0,1.0,31.36
12-20,31.258,31.404,31.4375,-0.140865,0.286298,0.276224,0.256077,0.833333,0.583333,0.5,0.008062,0.003375,0.002306,1367313772.0,1.0,31.51
12-21,31.358,31.426,31.4015,-0.11484,0.357145,0.303198,0.195303,0.833333,0.583333,0.5,0.008036,0.005855,0.00664,1386076087.0,-1.0,31.61
12-22,31.454,31.461,31.386,-0.09543,0.396925,0.33444,0.20947,0.833333,0.666667,0.5,0.004324,0.0041,0.0065,1370635308.0,1.0,31.59
12-25,31.592,31.448,31.393,-0.060725,0.507985,0.392288,0.160896,0.666667,0.666667,0.458333,0.009433,0.014055,0.015832,1391191453.0,-1.0,31.89
12-26,31.662,31.48,31.3985,-0.046589,0.513716,0.432764,0.27086,0.5,0.583333,0.458333,0.001516,0.007306,0.009921,1373745996.0,-1.0,31.71
12-27,31.592,31.425,31.4055,-0.07101,0.314057,0.393195,0.551472,0.5,0.666667,0.5,-0.013674,-0.008433,-0.007817,1353250383.0,1.0,31.16
12-28,31.51,31.434,31.4215,-0.084561,0.187343,0.324578,0.599047,0.5,0.666667,0.541667,-0.009838,-0.007444,-0.007049,1370039833.0,1.0,31.2
12-29,31.6,31.527,31.4775,-0.038954,0.330682,0.326613,0.318473,0.0,0.0,0.0,0.013924,0.016272,0.01787,1399015223.0,0.0,32.04