Date,Open,High,Low,Close,Volume
2021-08-12 04:00:00,145.61,145.67,145.59,145.62,2188
2021-08-12 04:05:00,145.55,145.55,145.51,145.51,850
2021-08-12 04:10:00,145.5,145.5,145.5,145.5,281
2021-08-12 04:30:00,145.61,145.69,145.61,145.69,702
2021-08-12 04:35:00,145.7,145.7,145.7,145.7,117
2021-08-12 04:40:00,145.84,145.84,145.84,145.84,400
2021-08-12 05:00:00,145.75,145.75,145.75,145.75,100
2021-08-12 05:05:00,145.76,145.82,145.76,145.82,268
2021-08-12 05:30:00,145.78,145.78,145.78,145.78,931
2021-08-12 05:40:00,145.75,145.76,145.75,145.76,1234
2021-08-12 06:10:00,145.74,145.74,145.74,145.74,130
2021-08-12 06:25:00,145.72,145.77,145.72,145.77,622
2021-08-12 06:30:00,145.8,145.8,145.8,145.8,500
2021-08-12 06:40:00,145.8,145.8,145.8,145.8,239
2021-08-12 06:45:00,145.91,145.92,145.91,145.92,523
2021-08-12 06:50:00,145.92,145.92,145.92,145.92,200
2021-08-12 06:55:00,145.91,145.91,145.91,145.91,251
2021-08-12 07:00:00,145.9,145.96,145.85,145.85,4485
2021-08-12 07:05:00,145.87,146.05,145.86,146.05,7922
2021-08-12 07:10:00,146.04,146.04,145.97,146,7426
2021-08-12 07:15:00,146.01,146.1,146.01,146.1,4839
2021-08-12 07:20:00,146.09,146.1,146.06,146.07,1899
2021-08-12 07:25:00,146.07,146.07,146.05,146.05,2675
2021-08-12 07:30:00,146.05,146.09,146.05,146.08,2652
2021-08-12 07:35:00,146.08,146.08,146.05,146.07,3063
2021-08-12 07:40:00,146.08,146.08,146.06,146.07,1844
2021-08-12 07:45:00,146.06,146.07,146.06,146.07,1488
2021-08-12 07:50:00,146.08,146.08,146.06,146.06,3137
2021-08-12 07:55:00,146.05,146.07,146.02,146.04,2930
2021-08-12 08:00:00,146.0495,146.1,145.496,146.02,38838
2021-08-12 08:05:00,146,146,145.89,145.98,11347
2021-08-12 08:10:00,145.94,145.96,145.94,145.94,2774
2021-08-12 08:15:00,145.95,146,145.95,145.99,6102
2021-08-12 08:20:00,145.96,145.97,145.92,145.94,8289
2021-08-12 08:25:00,145.94,145.95,145.88,145.95,5024
2021-08-12 08:30:00,145.91,145.94,145.79,145.91,12430
2021-08-12 08:35:00,145.87,145.93,145.829,145.86,15120
2021-08-12 08:40:00,145.85,145.86,145.71,145.7101,24048
2021-08-12 08:45:00,145.72,145.73,145.6,145.6601,35953
2021-08-12 08:50:00,145.6999,145.7,145.55,145.58,20538
2021-08-12 08:55:00,145.58,145.6,145.57,145.6,14299
2021-08-12 09:00:00,145.61,145.65,145.57,145.63,26554
2021-08-12 09:05:00,145.63,145.69,145.63,145.66,17677
2021-08-12 09:10:00,145.65,145.71,145.62,145.635,25157
2021-08-12 09:15:00,145.64,145.69,145.6,145.67,9883
2021-08-12 09:20:00,145.67,145.78,145.62,145.78,13106
2021-08-12 09:25:00,145.8,146.28,145.57,146.19,166739
2021-08-12 09:30:00,146.2,146.64,145.99,146.408,2753421
2021-08-12 09:35:00,146.39,146.39,145.84,146.245,1342650
2021-08-12 09:40:00,146.23,146.47,146.02,146.435,1167010
2021-08-12 09:45:00,146.44,147,146.27,146.97,1724581
2021-08-12 09:50:00,146.97,147.43,146.94,147.19,2275626
2021-08-12 09:55:00,147.19,147.39,147.01,147.06,1230724
2021-08-12 10:00:00,147.07,147.09,146.58,146.835,1139983
2021-08-12 10:05:00,146.841,146.99,146.7,146.97,890057
2021-08-12 10:10:00,146.96,147.29,146.83,147.2867,1014994
2021-08-12 10:15:00,147.2868,147.45,147.18,147.39,1614845
2021-08-12 10:20:00,147.39,147.5,147.32,147.395,1321682
2021-08-12 10:25:00,147.4,147.57,147.39,147.535,988439
2021-08-12 10:30:00,147.545,147.82,147.48,147.7699,1024514
2021-08-12 10:35:00,147.76,147.87,147.523,147.53,930486
2021-08-12 10:40:00,147.53,147.745,147.52,147.73,620887
2021-08-12 10:45:00,147.7218,147.76,147.55,147.7599,696120
2021-08-12 10:50:00,147.75,148.1,147.74,148.075,1558541
2021-08-12 10:55:00,148.0785,148.25,148.04,148.17,1244424
2021-08-12 11:00:00,148.17,148.29,148.06,148.08,966031
2021-08-12 11:05:00,148.07,148.39,148.07,148.27,891523
2021-08-12 11:10:00,148.28,148.39,148.1399,148.1399,621088
2021-08-12 11:15:00,148.137,148.38,148.13,148.325,671892
2021-08-12 11:20:00,148.325,148.47,148.32,148.37,824053
2021-08-12 11:25:00,148.38,148.49,148.356,148.37,634245
2021-08-12 11:30:00,148.3601,148.53,148.2338,148.35,904953
2021-08-12 11:35:00,148.345,148.41,148.31,148.33,448355
2021-08-12 11:40:00,148.3302,148.4425,148.23,148.23,464254
2021-08-12 11:45:00,148.24,148.345,148.18,148.22,509800
2021-08-12 11:50:00,148.23,148.2999,148.18,148.245,446617
2021-08-12 11:55:00,148.245,148.25,148.02,148.0398,622907
2021-08-12 12:00:00,148.0399,148.1599,147.87,147.8755,757524
2021-08-12 12:05:00,147.87,147.91,147.7,147.7649,729473
2021-08-12 12:10:00,147.7601,148.14,147.72,148.11,614374
2021-08-12 12:15:00,148.105,148.12,147.95,148.045,478425
2021-08-12 12:20:00,148.05,148.12,148.02,148.115,299090
2021-08-12 12:25:00,148.112,148.2,148.09,148.17,442806
2021-08-12 12:30:00,148.175,148.3799,148.1708,148.361,594162
2021-08-12 12:35:00,148.3602,148.4,148.25,148.38,540233
2021-08-12 12:40:00,148.38,148.4356,148.21,148.225,466913
2021-08-12 12:45:00,148.23,148.41,148.2,148.3774,484694
2021-08-12 12:50:00,148.375,148.43,148.32,148.36,308930
2021-08-12 12:55:00,148.37,148.44,148.2699,148.3003,299174
2021-08-12 13:00:00,148.3,148.33,148.12,148.235,444043
2021-08-12 13:05:00,148.24,148.3099,148.221,148.24,339065
2021-08-12 13:10:00,148.245,148.245,148.09,148.15,482910
2021-08-12 13:15:00,148.155,148.25,148.065,148.0978,424383
2021-08-12 13:20:00,148.095,148.2,148.085,148.155,312270
2021-08-12 13:25:00,148.1589,148.24,148.14,148.2399,324415
2021-08-12 13:30:00,148.24,148.36,148.2,148.315,461276
2021-08-12 13:35:00,148.327,148.42,148.3117,148.42,363428
2021-08-12 13:40:00,148.42,148.45,148.32,148.39,389973
2021-08-12 13:45:00,148.3828,148.395,148.23,148.27,363601
2021-08-12 13:50:00,148.27,148.36,148.245,148.355,309628
2021-08-12 13:55:00,148.36,148.42,148.32,148.335,352870
2021-08-12 14:00:00,148.3397,148.38,148.23,148.24,331034
2021-08-12 14:05:00,148.231,148.33,148.22,148.3101,306086
2021-08-12 14:10:00,148.32,148.44,148.32,148.4299,343791
2021-08-12 14:15:00,148.43,148.55,148.39,148.55,814291
2021-08-12 14:20:00,148.54,148.62,148.52,148.54,582894
2021-08-12 14:25:00,148.5476,148.69,148.505,148.6698,535791
2021-08-12 14:30:00,148.665,148.75,148.64,148.74,460477
2021-08-12 14:35:00,148.73,148.85,148.71,148.755,642340
2021-08-12 14:40:00,148.755,148.7561,148.62,148.635,476800
2021-08-12 14:45:00,148.6327,148.74,148.63,148.6499,468646
2021-08-12 14:50:00,148.6461,148.81,148.62,148.79,483677
2021-08-12 14:55:00,148.785,148.8,148.67,148.705,417615
2021-08-12 15:00:00,148.71,148.785,148.675,148.765,437575
2021-08-12 15:05:00,148.765,148.89,148.765,148.85,705806
2021-08-12 15:10:00,148.85,148.87,148.72,148.7736,516023
2021-08-12 15:15:00,148.7799,148.7799,148.61,148.66,536543
2021-08-12 15:20:00,148.66,148.775,148.65,148.72,487529
2021-08-12 15:25:00,148.72,148.75,148.65,148.715,437608
2021-08-12 15:30:00,148.71,148.77,148.65,148.695,526032
2021-08-12 15:35:00,148.695,148.7318,148.63,148.66,492949
2021-08-12 15:40:00,148.66,148.7,148.63,148.665,583208
2021-08-12 15:45:00,148.6644,148.84,148.57,148.835,1228688
2021-08-12 15:50:00,148.83,148.955,148.7,148.955,1582574
2021-08-12 15:55:00,148.95,149.05,148.86,148.885,2785158
2021-08-12 16:00:00,148.89,148.98,148.88,148.9,5973294
2021-08-12 16:05:00,148.9,148.95,148.89,148.95,91362
2021-08-12 16:10:00,148.95,149,148.9201,148.97,23758
2021-08-12 16:15:00,148.97,149,148.96,148.96,14964
2021-08-12 16:20:00,148.99,149,148.97,148.99,2694
2021-08-12 16:25:00,148.99,149.02,148.99,149,9565
2021-08-12 16:30:00,149,149.02,148.98,148.98,7692
2021-08-12 16:35:00,148.98,149.02,148.96,149,12515
2021-08-12 16:40:00,149.02,149.02,149,149,4577
2021-08-12 16:45:00,148.98,149.02,148.98,149.01,7192
2021-08-12 16:50:00,149.02,149.02,148.99,149.01,3972
2021-08-12 16:55:00,149,149,148.99,148.99,3409
2021-08-12 17:00:00,148.99,148.99,148.96,148.96,3712
2021-08-12 17:05:00,148.96,148.99,148.96,148.96,4622
2021-08-12 17:10:00,148.98,149.02,148.97,148.98,12094
2021-08-12 17:15:00,149,149,148.9,148.9,7307
2021-08-12 17:20:00,148.92,148.97,148.9,148.94,3850
2021-08-12 17:25:00,148.9,148.92,148.9,148.9,1599
2021-08-12 17:30:00,148.93,148.94,148.86,148.94,5927
2021-08-12 17:35:00,148.92,148.93,148.92,148.93,1553
2021-08-12 17:40:00,148.95,148.95,148.93,148.93,3222
2021-08-12 17:45:00,148.93,148.95,148.93,148.95,2583
2021-08-12 17:50:00,148.93,148.96,148.92,148.92,4781
2021-08-12 17:55:00,148.92,148.94,148.9,148.94,1198
2021-08-12 18:00:00,148.9399,148.95,148.92,148.94,2645
2021-08-12 18:05:00,148.94,148.95,148.93,148.95,5419
2021-08-12 18:10:00,148.93,148.95,148.92,148.95,2429
2021-08-12 18:15:00,148.92,148.95,148.92,148.92,2565
2021-08-12 18:20:00,148.91,148.95,148.86,148.86,7059
2021-08-12 18:25:00,148.86,148.86,148.84,148.85,3564
2021-08-12 18:30:00,148.85,148.85,148.82,148.82,920
2021-08-12 18:35:00,148.85,148.85,148.85,148.85,363
2021-08-12 18:40:00,148.84,148.89,148.84,148.89,1290
2021-08-12 18:45:00,148.89,148.89,148.88,148.88,1160
2021-08-12 18:50:00,148.88,148.94,148.87,148.94,3470
2021-08-12 18:55:00,148.94,148.94,148.9,148.9001,2893
2021-08-12 19:00:00,148.91,148.91,148.89,148.89,1677
2021-08-12 19:05:00,148.9,148.91,148.89,148.91,2836
2021-08-12 19:10:00,148.91,148.95,148.91,148.95,2921
2021-08-12 19:15:00,148.93,148.97,148.93,148.97,3043
2021-08-12 19:20:00,148.97,148.97,148.97,148.97,500
2021-08-12 19:25:00,148.97,148.97,148.95,148.96,2538
2021-08-12 19:30:00,148.96,148.97,148.95,148.9699,8013
2021-08-12 19:35:00,148.97,148.97,148.95,148.97,3920
2021-08-12 19:40:00,148.96,148.97,148.95,148.96,6744
2021-08-12 19:45:00,148.97,148.97,148.93,148.95,3075
2021-08-12 19:50:00,148.94,148.96,148.94,148.96,298
2021-08-12 19:55:00,148.93,148.98,148.93,148.98,13617