
index,time,bid,bidvol,ask,askvol
0,2014-11-05 09:31:00,34.07,100.00,34.10,39500.00
1,2014-11-05 09:32:00,33.98,200.00,33.99,1516.00
2,2014-11-05 09:33:00,33.98,900.00,33.99,500.00
3,2014-11-05 09:34:00,33.90,700.00,33.91,2105.00
4,2014-11-05 09:35:00,33.97,1400.00,33.98,800.00
5,2014-11-05 09:36:00,33.96,2200.00,33.97,1600.00
6,2014-11-05 09:37:00,34.00,2400.00,34.01,3100.00
7,2014-11-05 09:38:00,33.92,1188.00,33.93,4700.00
8,2014-11-05 09:39:00,33.85,1823.00,33.86,5700.00
9,2014-11-05 09:40:00,33.86,900.00,33.87,1700.00
10,2014-11-05 09:41:00,33.75,4900.00,33.76,2559.00
11,2014-11-05 09:42:00,33.75,300.00,33.76,6000.00
12,2014-11-05 09:43:00,33.73,2400.00,33.74,1800.00
13,2014-11-05 09:44:00,33.69,700.00,33.70,1100.00
14,2014-11-05 09:45:00,33.78,600.00,33.79,1300.00
15,2014-11-05 09:46:00,33.73,200.00,33.74,2365.00
16,2014-11-05 09:47:00,33.75,775.00,33.76,2100.00
17,2014-11-05 09:48:00,33.81,1800.00,33.82,1470.00
18,2014-11-05 09:49:00,33.85,1500.00,33.87,8400.00
19,2014-11-05 09:50:00,33.83,800.00,33.84,2600.00
20,2014-11-05 09:51:00,33.80,2000.00,33.81,3600.00
21,2014-11-05 09:52:00,33.79,700.00,33.80,4751.00
22,2014-11-05 09:53:00,33.82,2700.00,33.83,2871.00
23,2014-11-05 09:54:00,33.80,2200.00,33.81,5300.00
24,2014-11-05 09:55:00,33.79,2067.00,33.80,4288.00
25,2014-11-05 09:56:00,33.77,2704.00,33.79,4955.00
26,2014-11-05 09:57:00,33.75,6869.00,33.76,2900.00
27,2014-11-05 09:58:00,33.72,2707.00,33.73,3153.00
28,2014-11-05 09:59:00,33.77,2640.00,33.78,6158.00
29,2014-11-05 10:00:00,33.80,2190.00,33.81,958.00
30,2014-11-05 10:01:00,33.82,600.00,33.83,1400.00
31,2014-11-05 10:02:00,33.82,900.00,33.83,2000.00
32,2014-11-05 10:03:00,33.79,3204.00,33.80,5300.00
33,2014-11-05 10:04:00,33.81,1846.00,33.82,4635.00
34,2014-11-05 10:05:00,33.82,2503.00,33.83,5395.00
35,2014-11-05 10:06:00,33.89,3472.00,33.90,5107.00
36,2014-11-05 10:07:00,33.88,900.00,33.89,4851.00
37,2014-11-05 10:08:00,33.91,3230.00,33.92,3492.00
38,2014-11-05 10:09:00,33.89,4382.00,33.90,2250.00
39,2014-11-05 10:10:00,33.91,4200.00,33.92,1201.00
40,2014-11-05 10:11:00,33.94,3462.00,33.95,1200.00
41,2014-11-05 10:12:00,33.91,3673.00,33.92,1578.00
42,2014-11-05 10:13:00,33.96,2200.00,33.97,3177.00
43,2014-11-05 10:14:00,33.94,2757.00,33.95,3400.00
44,2014-11-05 10:15:00,33.92,100.00,33.93,6914.00
45,2014-11-05 10:16:00,33.93,400.00,33.94,5000.00
46,2014-11-05 10:17:00,33.93,2800.00,33.94,3400.00
47,2014-11-05 10:18:00,33.95,4195.00,33.96,1000.00
48,2014-11-05 10:19:00,33.95,4498.00,33.96,401.00
49,2014-11-05 10:20:00,33.95,3300.00,33.96,4600.00
50,2014-11-05 10:21:00,33.94,29361.00,33.95,6570.00
51,2014-11-05 10:22:00,33.91,2100.00,33.92,7866.00
52,2014-11-05 10:23:00,33.94,500.00,33.95,7743.00
53,2014-11-05 10:24:00,33.92,4000.00,33.93,3844.00
54,2014-11-05 10:25:00,33.94,1300.00,33.95,5233.00
55,2014-11-05 10:26:00,33.93,4400.00,33.94,4436.00
56,2014-11-05 10:27:00,33.90,3100.00,33.91,3790.00
57,2014-11-05 10:28:00,33.92,4502.00,33.93,1895.00
58,2014-11-05 10:29:00,33.88,4648.00,33.89,3582.00
59,2014-11-05 10:30:00,33.92,2800.00,33.93,5094.00
60,2014-11-05 10:31:00,33.88,1681.00,33.89,5205.00
61,2014-11-05 10:32:00,33.87,9846.00,33.88,887.00
62,2014-11-05 10:33:00,33.89,4956.00,33.90,2400.00
63,2014-11-05 10:34:00,33.86,3100.00,33.87,2440.00
64,2014-11-05 10:35:00,33.83,5128.00,33.84,1700.00
65,2014-11-05 10:36:00,33.75,7485.00,33.76,3950.00
66,2014-11-05 10:37:00,33.78,5086.00,33.80,5478.00
67,2014-11-05 10:38:00,33.82,3553.00,33.83,1278.00
68,2014-11-05 10:39:00,33.82,4900.00,33.83,1278.00
69,2014-11-05 10:40:00,33.83,3800.00,33.84,1145.00
70,2014-11-05 10:41:00,33.86,4600.00,33.87,2914.00
71,2014-11-05 10:42:00,33.82,5929.00,33.83,1100.00
72,2014-11-05 10:43:00,33.83,6090.00,33.84,7606.00
73,2014-11-05 10:44:00,33.83,2556.00,33.84,7350.00
74,2014-11-05 10:45:00,33.81,4673.00,33.82,1600.00
75,2014-11-05 10:46:00,33.81,4896.00,33.82,1500.00
76,2014-11-05 10:47:00,33.81,2800.00,33.82,3710.00
77,2014-11-05 10:48:00,33.77,4897.00,33.78,4400.00
78,2014-11-05 10:49:00,33.74,2806.00,33.75,3631.00
79,2014-11-05 10:50:00,33.77,4558.00,33.78,3554.00
80,2014-11-05 10:51:00,33.74,5506.00,33.75,339.00
81,2014-11-05 10:52:00,33.75,5942.00,33.76,3980.00
82,2014-11-05 10:53:00,33.72,2800.00,33.73,5301.00
83,2014-11-05 10:54:00,33.74,500.00,33.75,4110.00
84,2014-11-05 10:55:00,33.72,5654.00,33.73,4900.00
85,2014-11-05 10:56:00,33.74,5799.00,33.75,4200.00
86,2014-11-05 10:57:00,33.78,9605.00,33.79,2787.00
87,2014-11-05 10:58:00,33.78,4701.00,33.79,4819.00
88,2014-11-05 10:59:00,33.79,2800.00,33.80,3000.00
89,2014-11-05 11:00:00,33.77,2267.00,33.78,7100.00
90,2014-11-05 11:01:00,33.77,4378.00,33.78,3093.00
91,2014-11-05 11:02:00,33.82,2801.00,33.83,5550.00
92,2014-11-05 11:03:00,33.88,3500.00,33.89,3839.00
93,2014-11-05 11:04:00,33.86,1121.00,33.87,6942.00
94,2014-11-05 11:05:00,33.84,2453.00,33.85,3001.00
95,2014-11-05 11:06:00,33.85,6500.00,33.86,2821.00
96,2014-11-05 11:07:00,33.85,3300.00,33.86,3420.00
97,2014-11-05 11:08:00,33.89,1400.00,33.90,3060.00
98,2014-11-05 11:09:00,33.84,2599.00,33.85,2500.00
99,2014-11-05 11:10:00,33.84,5233.00,33.85,4500.00
100,2014-11-05 11:11:00,33.85,4230.00,33.87,6315.00
101,2014-11-05 11:12:00,33.84,4900.00,33.85,3400.00
102,2014-11-05 11:13:00,33.87,2000.00,33.88,4860.00
103,2014-11-05 11:14:00,33.87,6100.00,33.88,2269.00
104,2014-11-05 11:15:00,33.90,3300.00,33.91,4200.00
105,2014-11-05 11:16:00,33.91,4100.00,33.92,913.00
106,2014-11-05 11:17:00,33.93,5719.00,33.94,8762.00
107,2014-11-05 11:18:00,33.93,7819.00,33.94,5480.00
108,2014-11-05 11:19:00,33.92,2701.00,33.93,6516.00
109,2014-11-05 11:20:00,33.91,8449.00,33.92,3979.00
110,2014-11-05 11:21:00,33.92,9000.00,33.93,2980.00
111,2014-11-05 11:22:00,33.92,6561.00,33.93,6100.00
112,2014-11-05 11:23:00,33.92,7468.00,33.93,1500.00
113,2014-11-05 11:24:00,33.90,5500.00,33.91,1601.00
114,2014-11-05 11:25:00,33.90,5346.00,33.91,4100.00
115,2014-11-05 11:26:00,33.88,6505.00,33.89,2910.00
116,2014-11-05 11:27:00,33.91,4353.00,33.92,4247.00
117,2014-11-05 11:28:00,33.90,4500.00,33.91,3660.00
118,2014-11-05 11:29:00,33.90,8358.00,33.91,1201.00
119,2014-11-05 11:30:00,33.91,2900.00,33.92,5114.00
120,2014-11-05 11:31:00,33.90,3100.00,33.91,6490.00
121,2014-11-05 11:32:00,33.90,3679.00,33.91,3564.00
122,2014-11-05 11:33:00,33.89,4618.00,33.90,2700.00
123,2014-11-05 11:34:00,33.90,6343.00,33.91,3200.00
124,2014-11-05 11:35:00,33.90,4557.00,33.91,7415.00
125,2014-11-05 11:36:00,33.89,2743.00,33.90,11005.00
126,2014-11-05 11:37:00,33.87,4702.00,33.88,7381.00
127,2014-11-05 11:38:00,33.86,4444.00,33.87,7577.00
128,2014-11-05 11:39:00,33.85,7208.00,33.86,7100.00
129,2014-11-05 11:40:00,33.82,2254.00,33.83,8505.00
130,2014-11-05 11:41:00,33.84,4500.00,33.85,7060.00
131,2014-11-05 11:42:00,33.86,5700.00,33.87,5460.00
132,2014-11-05 11:43:00,33.86,4192.00,33.87,7448.00
133,2014-11-05 11:44:00,33.86,2092.00,33.87,12598.00
134,2014-11-05 11:45:00,33.85,7004.00,33.86,4161.00
135,2014-11-05 11:46:00,33.86,7051.00,33.87,6800.00
136,2014-11-05 11:47:00,33.83,5315.00,33.84,7690.00
137,2014-11-05 11:48:00,33.83,13069.00,33.84,1400.00
138,2014-11-05 11:49:00,33.84,4693.00,33.85,4800.00
139,2014-11-05 11:50:00,33.83,5629.00,33.84,3300.00
140,2014-11-05 11:51:00,33.85,4900.00,33.86,8129.00
141,2014-11-05 11:52:00,33.86,6091.00,33.87,7182.00
142,2014-11-05 11:53:00,33.83,3229.00,33.84,8459.00
143,2014-11-05 11:54:00,33.83,6529.00,33.84,6849.00
144,2014-11-05 11:55:00,33.84,6709.00,33.85,3700.00
145,2014-11-05 11:56:00,33.86,2635.00,33.87,5062.00
146,2014-11-05 11:57:00,33.85,18255.00,33.86,4000.00
147,2014-11-05 11:58:00,33.85,18965.00,33.86,2700.00
148,2014-11-05 11:59:00,33.85,18713.00,33.86,4550.00
149,2014-11-05 12:00:00,33.87,4300.00,33.88,2000.00
150,2014-11-05 12:01:00,33.89,948.00,33.90,9610.00
151,2014-11-05 12:02:00,33.90,5400.00,33.91,3121.00
152,2014-11-05 12:03:00,33.87,5596.00,33.88,5300.00
153,2014-11-05 12:04:00,33.91,7489.00,33.92,420.00
154,2014-11-05 12:05:00,33.91,1934.00,33.92,6379.00
155,2014-11-05 12:06:00,33.90,2034.00,33.91,5479.00
156,2014-11-05 12:07:00,33.90,3134.00,33.91,6162.00
157,2014-11-05 12:08:00,33.90,3962.00,33.91,5811.00
158,2014-11-05 12:09:00,33.90,7913.00,33.91,1300.00
159,2014-11-05 12:10:00,33.91,6400.00,33.92,4601.00
160,2014-11-05 12:11:00,33.91,7068.00,33.92,2850.00
161,2014-11-05 12:12:00,33.89,5863.00,33.90,3704.00
162,2014-11-05 12:13:00,33.88,5198.00,33.89,4273.00
163,2014-11-05 12:14:00,33.87,6270.00,33.88,4792.00
164,2014-11-05 12:15:00,33.87,3955.00,33.88,4696.00
165,2014-11-05 12:16:00,33.88,3799.00,33.89,5700.00
166,2014-11-05 12:17:00,33.85,17175.00,33.86,3170.00
167,2014-11-05 12:18:00,33.85,18575.00,33.86,1854.00
168,2014-11-05 12:19:00,33.86,6471.00,33.87,4304.00
169,2014-11-05 12:20:00,33.85,17327.00,33.86,4746.00
170,2014-11-05 12:21:00,33.86,627.00,33.87,7122.00
171,2014-11-05 12:22:00,33.87,2700.00,33.88,8497.00
172,2014-11-05 12:23:00,33.86,1880.00,33.87,3701.00
173,2014-11-05 12:24:00,33.86,7825.00,33.87,1501.00
174,2014-11-05 12:25:00,33.86,2579.00,33.87,7780.00
175,2014-11-05 12:26:00,33.87,4882.00,33.88,5788.00
176,2014-11-05 12:27:00,33.85,20942.00,33.86,4201.00
177,2014-11-05 12:28:00,33.84,3472.00,33.85,5351.00
178,2014-11-05 12:29:00,33.85,4499.00,33.86,3674.00
179,2014-11-05 12:30:00,33.85,1833.00,33.86,10008.00
180,2014-11-05 12:31:00,33.85,5200.00,33.86,5216.00
181,2014-11-05 12:32:00,33.85,4100.00,33.86,4730.00
182,2014-11-05 12:33:00,33.87,4900.00,33.88,2500.00
183,2014-11-05 12:34:00,33.87,6372.00,33.88,800.00
184,2014-11-05 12:35:00,33.87,4350.00,33.88,4511.00
185,2014-11-05 12:36:00,33.87,7328.00,33.88,1751.00
186,2014-11-05 12:37:00,33.87,2700.00,33.88,8970.00
187,2014-11-05 12:38:00,33.86,4852.00,33.87,3296.00
188,2014-11-05 12:39:00,33.86,8262.00,33.87,2372.00
189,2014-11-05 12:40:00,33.88,7706.00,33.89,100.00
190,2014-11-05 12:41:00,33.88,7796.00,33.89,3701.00
191,2014-11-05 12:42:00,33.88,7874.00,33.89,2500.00
192,2014-11-05 12:43:00,33.88,7764.00,33.89,3015.00
193,2014-11-05 12:44:00,33.86,5248.00,33.87,4500.00
194,2014-11-05 12:45:00,33.87,5500.00,33.88,3700.00
195,2014-11-05 12:46:00,33.88,7810.00,33.89,1999.00
196,2014-11-05 12:47:00,33.88,19697.00,33.89,1200.00
197,2014-11-05 12:48:00,33.90,5425.00,33.91,7435.00
198,2014-11-05 12:49:00,33.89,4287.00,33.90,9439.00
199,2014-11-05 12:50:00,33.89,6800.00,33.90,5438.00
200,2014-11-05 12:51:00,33.89,5881.00,33.90,5938.00
201,2014-11-05 12:52:00,33.88,13254.00,33.89,6200.00
202,2014-11-05 12:53:00,33.85,9932.00,33.86,3400.00
203,2014-11-05 12:54:00,33.87,5300.00,33.88,9536.00
204,2014-11-05 12:55:00,33.86,10362.00,33.87,1257.00
205,2014-11-05 12:56:00,33.86,9150.00,33.87,3300.00
206,2014-11-05 12:57:00,33.85,5647.00,33.86,3300.00
207,2014-11-05 12:58:00,33.83,10870.00,33.84,4111.00
208,2014-11-05 12:59:00,33.82,12268.00,33.83,2500.00
209,2014-11-05 13:00:00,33.84,5372.00,33.85,5432.00
210,2014-11-05 13:01:00,33.83,13997.00,33.84,7050.00
211,2014-11-05 13:02:00,33.83,8814.00,33.84,2694.00
212,2014-11-05 13:03:00,33.83,6197.00,33.84,5802.00
213,2014-11-05 13:04:00,33.87,6200.00,33.88,4821.00
214,2014-11-05 13:05:00,33.86,1630.00,33.87,8880.00
215,2014-11-05 13:06:00,33.87,7453.00,33.88,5249.00
216,2014-11-05 13:07:00,33.86,8725.00,33.87,1243.00
217,2014-11-05 13:08:00,33.83,8105.00,33.84,2300.00
218,2014-11-05 13:09:00,33.82,7300.00,33.83,4986.00
219,2014-11-05 13:10:00,33.83,230.00,33.84,5997.00
220,2014-11-05 13:11:00,33.83,4980.00,33.84,2200.00
221,2014-11-05 13:12:00,33.83,2409.00,33.84,4000.00
222,2014-11-05 13:13:00,33.84,488.00,33.85,5795.00
223,2014-11-05 13:14:00,33.81,6456.00,33.82,3300.00
224,2014-11-05 13:15:00,33.80,9170.00,33.81,5400.00
225,2014-11-05 13:16:00,33.82,6200.00,33.83,5100.00
226,2014-11-05 13:17:00,33.83,9489.00,33.84,2532.00
227,2014-11-05 13:18:00,33.83,2379.00,33.84,8205.00
228,2014-11-05 13:19:00,33.82,5600.00,33.83,7979.00
229,2014-11-05 13:20:00,33.80,1300.00,33.81,6943.00
230,2014-11-05 13:21:00,33.82,5100.00,33.83,200.00
231,2014-11-05 13:22:00,33.80,1422.00,33.81,5517.00
232,2014-11-05 13:23:00,33.81,4500.00,33.82,6613.00
233,2014-11-05 13:24:00,33.81,5200.00,33.82,5701.00
234,2014-11-05 13:25:00,33.81,6300.00,33.82,3100.00
235,2014-11-05 13:26:00,33.87,4200.00,33.88,8477.00
236,2014-11-05 13:27:00,33.87,2669.00,33.88,5799.00
237,2014-11-05 13:28:00,33.86,3800.00,33.87,2201.00
238,2014-11-05 13:29:00,33.88,4628.00,33.89,2708.00
239,2014-11-05 13:30:00,33.90,6605.00,33.91,836.00
240,2014-11-05 13:31:00,33.86,6911.00,33.87,800.00
241,2014-11-05 13:32:00,33.87,800.00,33.88,10752.00
242,2014-11-05 13:33:00,33.88,5823.00,33.89,5400.00
243,2014-11-05 13:34:00,33.87,1600.00,33.88,2901.00
244,2014-11-05 13:35:00,33.84,5524.00,33.85,3691.00
245,2014-11-05 13:36:00,33.84,1032.00,33.85,16940.00
246,2014-11-05 13:37:00,33.79,3200.00,33.80,4910.00
247,2014-11-05 13:38:00,33.78,4076.00,33.79,3200.00
248,2014-11-05 13:39:00,33.75,7554.00,33.76,4900.00
249,2014-11-05 13:40:00,33.75,3520.00,33.76,6412.00
250,2014-11-05 13:41:00,33.74,9525.00,33.75,8400.00
251,2014-11-05 13:42:00,33.75,7504.00,33.76,800.00
252,2014-11-05 13:43:00,33.74,12794.00,33.75,5200.00
253,2014-11-05 13:44:00,33.73,5642.00,33.74,1700.00
254,2014-11-05 13:45:00,33.72,6200.00,33.73,3902.00
255,2014-11-05 13:46:00,33.71,11305.00,33.72,3900.00
256,2014-11-05 13:47:00,33.71,8507.00,33.72,5500.00
257,2014-11-05 13:48:00,33.72,5130.00,33.73,3904.00
258,2014-11-05 13:49:00,33.71,1800.00,33.72,6010.00
259,2014-11-05 13:50:00,33.70,8921.00,33.71,1600.00
260,2014-11-05 13:51:00,33.71,3400.00,33.72,8355.00
261,2014-11-05 13:52:00,33.71,2744.00,33.72,9262.00
262,2014-11-05 13:53:00,33.71,3193.00,33.72,8321.00
263,2014-11-05 13:54:00,33.72,1900.00,33.73,6695.00
264,2014-11-05 13:55:00,33.71,15272.00,33.72,4200.00
265,2014-11-05 13:56:00,33.72,3300.00,33.73,7763.00
266,2014-11-05 13:57:00,33.72,4200.00,33.73,9199.00
267,2014-11-05 13:58:00,33.72,9300.00,33.73,10625.00
268,2014-11-05 13:59:00,33.72,20310.00,33.73,2100.00
269,2014-11-05 14:00:00,33.72,20600.00,33.73,2700.00
270,2014-11-05 14:01:00,33.70,7312.00,33.71,3595.00
271,2014-11-05 14:02:00,33.68,7063.00,33.70,9548.00
272,2014-11-05 14:03:00,33.69,8284.00,33.70,1542.00
273,2014-11-05 14:04:00,33.70,4100.00,33.71,4900.00
274,2014-11-05 14:05:00,33.68,5413.00,33.69,3875.00
275,2014-11-05 14:06:00,33.67,2686.00,33.68,5217.00
276,2014-11-05 14:07:00,33.67,2600.00,33.68,10834.00
277,2014-11-05 14:08:00,33.67,3700.00,33.68,9010.00
278,2014-11-05 14:09:00,33.67,2300.00,33.68,7456.00
279,2014-11-05 14:10:00,33.67,841.00,33.68,9540.00
280,2014-11-05 14:11:00,33.68,5500.00,33.69,3293.00
281,2014-11-05 14:12:00,33.68,7227.00,33.69,3111.00
282,2014-11-05 14:13:00,33.69,4394.00,33.70,1500.00
283,2014-11-05 14:14:00,33.71,600.00,33.72,11246.00
284,2014-11-05 14:15:00,33.71,4100.00,33.72,5197.00
285,2014-11-05 14:16:00,33.71,2950.00,33.72,5631.00
286,2014-11-05 14:17:00,33.70,9518.00,33.71,3800.00
287,2014-11-05 14:18:00,33.71,6979.00,33.72,13323.00
288,2014-11-05 14:19:00,33.72,5201.00,33.73,2700.00
289,2014-11-05 14:20:00,33.71,5451.00,33.72,5100.00
290,2014-11-05 14:21:00,33.72,8658.00,33.73,728.00
291,2014-11-05 14:22:00,33.72,9221.00,33.73,2700.00
292,2014-11-05 14:23:00,33.70,5598.00,33.71,12553.00
293,2014-11-05 14:24:00,33.70,4511.00,33.71,12417.00
294,2014-11-05 14:25:00,33.71,6139.00,33.72,3558.00
295,2014-11-05 14:26:00,33.71,5971.00,33.72,6258.00
296,2014-11-05 14:27:00,33.71,1900.00,33.72,8676.00
297,2014-11-05 14:28:00,33.72,10884.00,33.73,3337.00
298,2014-11-05 14:29:00,33.72,8018.00,33.73,3255.00
299,2014-11-05 14:30:00,33.72,8245.00,33.73,4490.00
300,2014-11-05 14:31:00,33.73,2747.00,33.74,9902.00
301,2014-11-05 14:32:00,33.73,5828.00,33.74,4786.00
302,2014-11-05 14:33:00,33.72,8509.00,33.73,5300.00
303,2014-11-05 14:34:00,33.72,9603.00,33.73,2000.00
304,2014-11-05 14:35:00,33.72,10576.00,33.73,1343.00
305,2014-11-05 14:36:00,33.72,14776.00,33.73,1961.00
306,2014-11-05 14:37:00,33.72,7579.00,33.73,7285.00
307,2014-11-05 14:38:00,33.72,5500.00,33.73,3354.00
308,2014-11-05 14:39:00,33.72,7301.00,33.73,4900.00
309,2014-11-05 14:40:00,33.71,7343.00,33.72,1700.00
310,2014-11-05 14:41:00,33.72,6477.00,33.73,1301.00
311,2014-11-05 14:42:00,33.72,8018.00,33.73,1487.00
312,2014-11-05 14:43:00,33.72,4041.00,33.73,7471.00
313,2014-11-05 14:44:00,33.70,6578.00,33.71,6095.00
314,2014-11-05 14:45:00,33.71,6902.00,33.72,8324.00
315,2014-11-05 14:46:00,33.70,13290.00,33.71,1700.00
316,2014-11-05 14:47:00,33.71,1802.00,33.72,9461.00
317,2014-11-05 14:48:00,33.70,16546.00,33.71,2000.00
318,2014-11-05 14:49:00,33.70,16169.00,33.71,4159.00
319,2014-11-05 14:50:00,33.70,12223.00,33.71,6185.00
320,2014-11-05 14:51:00,33.70,10454.00,33.71,6115.00
321,2014-11-05 14:52:00,33.70,12018.00,33.71,9185.00
322,2014-11-05 14:53:00,33.70,12391.00,33.71,6301.00
323,2014-11-05 14:54:00,33.70,13228.00,33.71,4528.00
324,2014-11-05 14:55:00,33.70,11871.00,33.71,8557.00
325,2014-11-05 14:56:00,33.70,11798.00,33.71,9358.00
326,2014-11-05 14:57:00,33.70,17643.00,33.71,4229.00
327,2014-11-05 14:58:00,33.68,6831.00,33.69,7395.00
328,2014-11-05 14:59:00,33.68,9216.00,33.69,10191.00
329,2014-11-05 15:00:00,33.70,5640.00,33.71,6503.00
330,2014-11-05 15:01:00,33.70,8049.00,33.71,3695.00
331,2014-11-05 15:02:00,33.70,14993.00,33.71,7895.00
332,2014-11-05 15:03:00,33.70,15442.00,33.72,10989.00
333,2014-11-05 15:04:00,33.70,11025.00,33.71,5485.00
334,2014-11-05 15:05:00,33.70,12831.00,33.71,6584.00
335,2014-11-05 15:06:00,33.68,5932.00,33.69,10355.00
336,2014-11-05 15:07:00,33.70,4214.00,33.71,6432.00
337,2014-11-05 15:08:00,33.69,11382.00,33.70,9045.00
338,2014-11-05 15:09:00,33.70,2322.00,33.71,8299.00
339,2014-11-05 15:10:00,33.71,2702.00,33.72,6591.00
340,2014-11-05 15:11:00,33.72,1705.00,33.73,8352.00
341,2014-11-05 15:12:00,33.72,5601.00,33.73,5998.00
342,2014-11-05 15:13:00,33.72,9109.00,33.73,6257.00
343,2014-11-05 15:14:00,33.72,7055.00,33.73,10242.00
344,2014-11-05 15:15:00,33.72,7734.00,33.73,8863.00
345,2014-11-05 15:16:00,33.72,7298.00,33.73,8680.00
346,2014-11-05 15:17:00,33.71,10184.00,33.72,7296.00
347,2014-11-05 15:18:00,33.69,2502.00,33.70,9729.00
348,2014-11-05 15:19:00,33.69,1727.00,33.70,7905.00
349,2014-11-05 15:20:00,33.67,4037.00,33.68,5583.00
350,2014-11-05 15:21:00,33.66,5570.00,33.67,6303.00
351,2014-11-05 15:22:00,33.66,4502.00,33.67,8613.00
352,2014-11-05 15:23:00,33.66,5906.00,33.67,4001.00
353,2014-11-05 15:24:00,33.67,5507.00,33.68,8500.00
354,2014-11-05 15:25:00,33.65,14525.00,33.66,3600.00
355,2014-11-05 15:26:00,33.66,8201.00,33.67,14382.00
356,2014-11-05 15:27:00,33.67,7957.00,33.68,11642.00
357,2014-11-05 15:28:00,33.67,4336.00,33.68,13734.00
358,2014-11-05 15:29:00,33.65,17777.00,33.66,20472.00
359,2014-11-05 15:30:00,33.66,12167.00,33.67,9692.00
360,2014-11-05 15:31:00,33.65,3808.00,33.66,9495.00
361,2014-11-05 15:32:00,33.65,5104.00,33.66,8800.00
362,2014-11-05 15:33:00,33.71,4013.00,33.72,8712.00
363,2014-11-05 15:34:00,33.70,12631.00,33.71,1200.00
364,2014-11-05 15:35:00,33.69,12779.00,33.70,3900.00
365,2014-11-05 15:36:00,33.71,3312.00,33.72,14559.00
366,2014-11-05 15:37:00,33.70,3597.00,33.71,14294.00
367,2014-11-05 15:38:00,33.72,603.00,33.73,13765.00
368,2014-11-05 15:39:00,33.72,20423.00,33.73,6628.00
369,2014-11-05 15:40:00,33.72,7579.00,33.73,14225.00
370,2014-11-05 15:41:00,33.72,1166.00,33.73,17139.00
371,2014-11-05 15:42:00,33.72,14161.00,33.73,11024.00
372,2014-11-05 15:43:00,33.72,10866.00,33.73,17739.00
373,2014-11-05 15:44:00,33.73,4062.00,33.74,16147.00
374,2014-11-05 15:45:00,33.73,5165.00,33.74,15617.00
375,2014-11-05 15:46:00,33.72,13866.00,33.73,20671.00
376,2014-11-05 15:47:00,33.72,10424.00,33.73,24660.00
377,2014-11-05 15:48:00,33.72,16164.00,33.73,29113.00
378,2014-11-05 15:49:00,33.72,28101.00,33.73,12954.00
379,2014-11-05 15:50:00,33.72,30425.00,33.73,39021.00
380,2014-11-05 15:51:00,33.73,10460.00,33.74,18447.00
381,2014-11-05 15:52:00,33.79,5666.00,33.80,16470.00
382,2014-11-05 15:53:00,33.77,4323.00,33.78,39952.00
383,2014-11-05 15:54:00,33.76,27347.00,33.77,12288.00
384,2014-11-05 15:55:00,33.75,21697.00,33.76,9864.00
385,2014-11-05 15:56:00,33.74,13804.00,33.75,39911.00
386,2014-11-05 15:57:00,33.74,42734.00,33.75,20308.00
387,2014-11-05 15:58:00,33.75,62941.00,33.76,4300.00
388,2014-11-05 15:59:00,33.76,46961.00,33.77,67283.00
389,2014-11-05 16:00:00,33.75,64375.00,33.76,28684.00