Date	AAPL	AMZN	GS	JPM	MSFT	SPY	XLB	XLE	XLF	XLI	XLK	XLP	XLU	XLV	XLY
2000-01-31 00:00:00	0.009117871	-0.151888342	-0.025871373	0.044492849	-0.161670724	-0.049787377	-0.122280717	0.008073957	-0.029585958	-0.081793877	-0.061485341	0.008819277	-0.017767906	-0.025290738	-0.124245728
2000-02-29 00:00:00	0.104820128	0.066795741	0.009549815	-0.013168262	-0.086845226	-0.015226607	-0.100469047	-0.042334	-0.107046357	-0.055172573	0.105067638	-0.117013715	-0.121537576	-0.06538684	-0.055714665
2000-03-31 00:00:00	0.184841844	-0.02722323	0.137838139	0.094976585	0.188811332	0.096914648	0.10089323	0.124423266	0.182624475	0.139206838	0.08389294	0.037592537	0.109236682	0.089950085	0.141516444
2000-04-30 00:00:00	-0.086516743	-0.17630597	-0.112879383	-0.168445005	-0.343529235	-0.035120219	-0.033219822	-0.014925341	0.009658891	0.014445491	-0.091847177	0.053019182	0.065458785	-0.011716817	-0.020822311
2000-05-31 00:00:00	-0.322921782	-0.124575311	-0.211125709	0.035528565	-0.10304679	-0.01572259	-0.03155704	0.117424039	0.022321293	-0.004219681	-0.103977146	0.071328899	-0.002193765	-0.026803648	-0.053980286
2000-06-30 00:00:00	0.247023891	-0.248382924	0.288444825	-0.074895068	0.278721051	0.019681638	-0.085511985	-0.055015918	-0.048501575	-0.039330413	0.099556221	0.056612813	-0.03396734	0.002118148	-0.054102128
2000-07-31 00:00:00	-0.029833167	-0.170395869	0.042455197	0.088976506	-0.127343656	-0.015702166	0.008751301	-0.038104984	0.088158259	0.015469511	-0.053056967	-0.036532627	0.015481168	-0.014799239	0.015873262
2000-08-31 00:00:00	0.199262572	0.377593361	0.312222885	0.121706184	0	0.065340886	0.022870975	0.109207874	0.101571535	0.099020521	0.101705426	-0.012210824	0.038960857	0.035407861	-0.041466206
2000-09-30 00:00:00	-0.577436402	-0.073795181	-0.119208534	-0.173378206	-0.136078631	-0.05486206	-0.098032923	0.016441304	0.021739862	-0.029042469	-0.179657405	0.044295766	0.132143388	-0.036269333	0.001225312
2000-10-31 00:00:00	-0.240291462	-0.047154472	-0.123858654	-0.008095031	0.141969012	-0.004678338	0.08770402	-0.027181917	-0.008620955	0.022495088	-0.057277235	0.069417919	0.05808353	0.015054118	-0.012555107
2000-11-30 00:00:00	-0.156548433	-0.325938567	-0.177206982	-0.189560632	-0.166969327	-0.074652658	-0.025296201	-0.052451053	-0.051086852	-0.033999822	-0.205146532	0.034503065	-0.00045728	-0.091102376	-0.024793672
2000-12-31 00:00:00	-0.098485325	-0.369620253	0.302130201	0.23220305	-0.244008462	-0.00522652	0.140889262	0.102095076	0.085328031	0.039506349	-0.098920925	0.036376042	-0.013646317	0.016500422	0.070470531
2001-01-31 00:00:00	0.453782951	0.112449799	0.064867248	0.219099895	0.40778013	0.044458958	-0.026695862	-0.031864108	-0.002372816	0.003839632	0.191217236	-0.072910289	-0.056270782	0.072294142	0.116288263
2001-02-28 00:00:00	-0.156069637	-0.411552347	-0.193406232	-0.151481747	-0.033776381	-0.095387485	0.012949505	-0.012138455	-0.067278334	-0.059929676	-0.249061568	0.006042417	0.020753105	-0.019165125	-0.071403658
2001-03-31 00:00:00	0.209314199	0.004171734	-0.072479658	-0.0377194	-0.073093502	-0.056036878	-0.050079924	-0.029832977	-0.029951684	-0.095770062	-0.114602208	-0.069357296	-0.014335242	-0.06403045	-0.014582258
2001-04-30 00:00:00	0.154963154	0.542522037	0.071821858	0.077402129	0.238857281	0.085440153	0.106659563	0.103257519	0.036171809	0.114329168	0.161693799	0.019417398	0.048258102	0.073825906	0.046377721
2001-05-31 00:00:00	-0.217340757	0.057667986	0.043907712	0.024384999	0.021106938	-0.005605526	0.038461507	-0.009448016	0.04399927	0.041849304	-0.040957969	0.014682574	0.007012004	0.038194214	0.0238098
2001-06-30 00:00:00	0.165414593	-0.152186988	-0.097792017	-0.095218802	0.055218248	-0.02382997	-0.0345131	-0.091131031	-0.00715535	-0.061788078	0.019544254	-0.046252744	-0.050175668	-0.011296021	-0.007874336
2001-07-31 00:00:00	-0.191828282	-0.11731448	-0.029392383	-0.019026993	-0.093287415	-0.010195746	-0.002719535	-0.011532066	-0.009508313	-0.002076104	-0.069222467	0.030439639	-0.008988151	-0.019966993	0.044451923
2001-08-31 00:00:00	-0.012773456	-0.284227402	-0.036796952	-0.090069919	-0.138087512	-0.059332177	-0.004091304	-0.042333509	-0.066120831	-0.034327033	-0.122044704	0.00479104	-0.035633248	-0.050759306	-0.08754314
2001-09-30 00:00:00	-0.163882623	-0.332214757	-0.109238766	-0.13324856	-0.103067797	-0.081630603	-0.118443712	-0.096233109	-0.056345378	-0.146518911	-0.163770501	-0.00120586	-0.009558266	-0.144792079	-0.126315577
2001-10-31 00:00:00	0.132172772	0.169179274	0.097080589	0.045591895	0.13640832	0.013021557	0.027082493	0.040279405	-0.01418204	0.017744062	0.109091034	-0.006385144	-0.052631471	0.005106366	0.052677218
2001-11-30 00:00:00	0.212985335	0.621776456	0.138689932	0.066742202	0.104213133	0.077977523	0.126775199	-0.055845169	0.064940756	0.10004094	0.149414567	0.04417692	-0.012626096	0.116004011	0.133167878
2001-12-31 00:00:00	0.028168185	-0.044169612	0.042134768	-0.036320287	0.031771096	0.00563927	-0.029949277	0.057177584	0.019477621	0.045283443	-0.022004697	-0.01962846	0.032047108	0.024193296	0.045434497
2002-01-31 00:00:00	0.128769623	0.311460257	-0.060938461	-0.054428887	-0.038339702	-0.009798861	0.023342869	-0.035581199	-0.011406717	-0.06317674	-0.010833713	-0.00669269	-0.036032978	-0.007420885	0.03286695
2002-02-28 00:00:00	-0.122169186	-0.006342438	-0.069441986	-0.140969044	-0.084288254	-0.017936129	0.0529196	0.034175158	-0.017307802	0.025047985	-0.130160092	0.021006133	-0.001850448	0.045981171	0.00541668
2002-03-31 00:00:00	0.090784412	0.014184383	0.115023869	0.218803051	0.033767552	0.033271267	0.030750768	0.088524245	0.066160664	0.02705359	0.049394823	0.016127044	0.053321521	0.058013683	0.012721575
2002-04-30 00:00:00	0.025347845	0.167132889	-0.126065412	-0.005855221	-0.133476774	-0.058155352	-0.047237108	-0.035998446	-0.025414403	-0.069015881	-0.120904515	-0.037165013	-0.060681015	-0.006083138	-0.027962665
2002-05-31 00:00:00	-0.039968406	0.092270758	-0.041905171	0.024216675	-0.025833012	-0.005934501	0.049579081	-0.017594652	-0.003023645	0.004337336	-0.041469621	-0.011142182	-0.008311511	0.013940929	-0.00513725
2002-06-30 00:00:00	-0.239483054	-0.108612155	-0.027832661	-0.056467802	0.074445393	-0.073807336	-0.017031213	-0.036625594	-0.04277291	-0.061330875	-0.133625566	-0.101899425	-0.067259042	-0.07153071	-0.052670048
2002-07-31 00:00:00	-0.13882738	-0.110769243	-0.000997085	-0.256085425	-0.122851869	-0.078819896	-0.113411187	-0.138550179	-0.083133859	-0.056603621	-0.094816813	-0.042696464	-0.147216161	-0.02890202	-0.119403011
2002-08-31 00:00:00	-0.033420272	0.033910019	0.056733233	0.057692129	0.022926524	0.00680166	-0.005349966	0.015064283	0.018654803	-0.015555336	-0.008379894	0.007981163	0.039651462	0.009672621	0.030178147
2002-09-30 00:00:00	-0.016948092	0.066265111	-0.145796088	-0.280681631	-0.108801912	-0.104852304	-0.129792482	-0.071355616	-0.114935756	-0.115398855	-0.16690108	-0.072283686	-0.121045845	-0.061942258	-0.089150575
2002-10-31 00:00:00	0.108273093	0.215317027	0.086110769	0.111830639	0.222450669	0.082284352	0.057094441	0.018431091	0.091437208	0.04918033	0.247675392	0.038908116	-0.023031462	0.058313381	0.067490876
2002-11-30 00:00:00	-0.035467868	0.206095023	0.101536018	0.21301155	0.078735611	0.061680939	0.120320648	0.041299473	0.03723376	0.052246632	0.158536039	-0.027723221	0.029057218	0.030901111	0.046280199
2002-12-31 00:00:00	-0.075484337	-0.191006463	-0.135057538	-0.046483878	-0.103675474	-0.056570386	-0.045802838	0.000231768	-0.054188095	-0.039280583	-0.132166201	0.002821823	0.03240004	-0.037581517	-0.08519626
2003-01-31 00:00:00	0.002094828	0.156696722	0.001671237	-0.013524856	-0.082012005	-0.024594714	-0.049899271	-0.025078302	-0.012727178	-0.053909596	-0.02364885	-0.034101865	-0.023498525	-0.003390086	-0.033319427
2003-02-28 00:00:00	0.045264161	0.007322647	0.019823948	-0.028277844	0.001947951	-0.013479013	-0.026524923	0.029398173	-0.030847225	-0.015400138	0.004844282	-0.030633945	-0.05347575	-0.022297951	-0.004475894
2003-03-31 00:00:00	-0.057962887	0.182644272	-0.019726194	0.045414406	0.021519104	0.002139827	0.006174803	0.001221322	-0.009342412	0.010625696	-0.015151645	0.000119224	0.050657934	0.035647246	0.02350822
2003-04-30 00:00:00	0.005659651	0.102189772	0.11659659	0.255492003	0.056174853	0.08461146	0.090315317	-0.008513021	0.125722686	0.108234088	0.091608519	0.029617994	0.086412843	0.032934448	0.117025596
2003-05-31 00:00:00	0.262305518	0.250958478	0.073780892	0.119590794	-0.037544357	0.054836478	0.030937957	0.106191206	0.050919807	0.027102713	0.085842162	0.049162613	0.101050393	0.02065223	0.053170599
2003-06-30 00:00:00	0.061837021	0.011981062	0.027608233	0.040170425	0.041853635	0.010651774	0.009023221	-0.012841754	0.004235689	0.020886399	0.007079874	0.009542641	0.013570414	0.044164892	0.014496977
2003-07-31 00:00:00	0.105982603	0.146475764	0.043532239	0.035756997	0.0300308	0.018026999	0.078630235	-0.035342532	0.043584527	0.033050659	0.031048309	-0.001488444	-0.066907726	-0.015001987	0.018456991
2003-08-31 00:00:00	0.072579728	0.11239194	0.015492249	-0.023680747	0.00416471	0.020626125	0.027727851	0.063792549	-0.011709407	0.038910021	0.047727621	0.016890488	0.019863729	-0.037036816	0.051105517
2003-09-30 00:00:00	-0.083591296	0.045552691	-0.05187043	0.003214382	0.048265832	-0.010906045	-0.045043912	-0.020619685	0.008866405	-0.027353312	-0.008676621	-0.003932657	0.049722393	0.002602729	-0.047721489
2003-10-31 00:00:00	0.104729522	0.12389015	0.122434732	0.055880155	-0.05443736	0.053526552	0.095281751	0.009563615	0.069263749	0.061828977	0.073303865	0.045275493	0.006849827	0.006831843	0.091007446
2003-11-30 00:00:00	-0.086500228	-0.008451205	0.023216765	-0.013927788	-0.016449508	0.01092086	0.022585223	0.007825398	-0.00368027	0.019813748	0.014271441	0.011770105	0.002267851	0.021428539	0.008973136
2003-12-31 00:00:00	0.021998449	-0.025013938	0.027580543	0.037570533	0.064566425	0.050313688	0.098029893	0.130923946	0.045355366	0.066276122	0.03135535	0.017788558	0.065519821	0.057868403	0.040052094
2004-01-31 00:00:00	0.055685373	-0.042189233	0.010815856	0.068700089	0.010230132	0.019769425	-0.044211834	0.022504378	0.03270583	0.010089343	0.042688903	0	0.020574497	0.027529236	-0.005716179
2004-02-29 00:00:00	0.060284389	-0.146627043	0.063485465	0.054770073	-0.040507009	0.01357084	0.052137181	0.052538866	0.028571013	-0.007399058	-0.025411669	0.056933211	0.018899682	0.010651369	0.021718296
2004-03-31 00:00:00	0.130433932	0.006277621	-0.014357388	0.022671698	-0.060308709	-0.013245877	-0.023058402	-0.006251746	-0.011613964	-0.012232361	-0.02655727	-0.002478388	0.010660845	-0.041689944	-0.006171338
2004-04-30 00:00:00	-0.046597518	0.007393708	-0.07054913	-0.096425011	0.048135207	-0.018920941	-0.046306758	0.017041794	-0.043537107	-0.000378754	-0.038194459	0.013111706	-0.042763072	0.031072481	-0.011338587
2004-05-31 00:00:00	0.088440024	0.11238536	-0.029353472	-0.020212802	0.003826642	0.017122955	0.028090196	-0.003016155	0.017069807	0.024621428	0.039195126	-0.005608583	0.012027783	-0.003240115	0.006371263
2004-06-30 00:00:00	0.159658014	0.121649516	0.002661653	0.052388741	0.088829613	0.018501568	0.050174817	0.062365604	0.004423097	0.061724726	0.027295895	0.005486828	0.01731821	-0.003734608	0.002584589
2004-07-31 00:00:00	-0.006145428	-0.284558877	-0.060727169	-0.028623713	-0.002451074	-0.032218906	-0.022778835	0.030812785	-0.021344082	-0.027913265	-0.060870008	-0.049372211	0.015151897	-0.053665061	-0.037938374
2004-08-31 00:00:00	0.066481417	-0.02004108	0.016555133	0.060273676	-0.038941891	0.002436322	0.016813453	-0.015408082	0.032535175	0.000717649	-0.044238522	0.017768052	0.040629518	0.016251591	-0.001971809
2004-09-30 00:00:00	0.12351341	0.071316237	0.04004444	0.003789501	0.012820556	0.0100372	0.040189281	0.097629772	-0.009203989	0.021497207	0.029063598	-0.026337635	0.006347795	-0.017485117	0.02883649
2004-10-31 00:00:00	0.352257796	-0.164708748	0.057991064	-0.020184237	0.011572833	0.012884389	-0.009437109	0.006011721	0.005270943	0.010219061	0.043932487	0.006463236	0.048702456	-0.022230144	0.040384563
2004-11-30 00:00:00	0.279580607	0.162613509	0.064850577	-0.02461075	0.068317267	0.044517365	0.081348725	0.067444576	0.031107608	0.062783323	0.051102492	0.024770881	0.044537434	0.019538148	0.041897937
2004-12-31 00:00:00	-0.039522653	0.11617945	-0.006873146	0.036122194	-0.003357064	0.030120943	0.013371411	-0.028207274	0.041344087	0.024830018	0.026165883	0.037390382	0.024630155	0.055144491	0.046714787
2005-01-31 00:00:00	0.194099233	-0.024158945	0.039133652	-0.034682713	-0.016466974	-0.022420642	-0.030608971	0.033865649	-0.021617938	-0.02800088	-0.056371981	0.011698604	0.021184703	-0.03113664	-0.042788437
2005-02-28 00:00:00	0.166709976	-0.186025004	0.008808636	-0.020894764	-0.039664375	0.020903914	0.078764934	0.167776861	-0.006695693	0.011589132	0.001506479	-0.001284745	0.021448731	0.030085829	-0.005328604
2005-03-31 00:00:00	-0.071110047	-0.025866965	0.01093722	-0.053351642	-0.039347917	-0.018292861	-0.026578508	-0.019093714	-0.038047457	-0.000438456	-0.019548743	-0.00876267	0.011058889	-0.005580918	-0.011685535
2005-04-30 00:00:00	-0.134629447	-0.055733873	-0.026778876	0.036006991	0.046751892	-0.018735211	-0.071286053	-0.054117254	0.001760987	-0.036476964	-0.035276139	-0.010426036	0.030874243	0.034829412	-0.06363088
2005-05-31 00:00:00	0.102607158	0.097342325	-0.08699311	0.00732627	0.022997833	0.032224533	-0.006426215	0.027866784	0.029536643	0.031718734	0.069422405	0.023266172	-0.000665108	0.012621575	0.061835663
2005-06-30 00:00:00	-0.074195078	-0.068149769	0.046359016	-0.012027918	-0.037209684	0.001515215	-0.020017681	0.0697922	0.01246447	-0.026341498	-0.012884592	-0.019319959	0.059533899	-0.005287378	-0.004310907
2005-07-31 00:00:00	0.15865214	0.364460602	0.055957286	0.00457378	0.030998546	0.0382613	0.055269036	0.070866448	0.015609095	0.03812152	0.056726906	0.032087626	0.022497121	0.022558907	0.056741771
2005-08-31 00:00:00	0.099414036	-0.054263581	0.034425132	-0.035571834	0.072284384	-0.009373938	-0.041899523	0.063865277	-0.016371233	-0.023607001	-0.00950086	-0.017461617	0.006507748	-0.003466852	-0.032909765
2005-09-30 00:00:00	0.143314138	0.060889893	0.093542215	0.001180051	-0.060262231	0.00802527	0.007698451	0.062863997	0.008557649	0.016757204	0.002398574	0.014144996	0.042282964	-0.005541554	-0.028421009
2005-10-31 00:00:00	0.074239843	-0.120088272	0.041546165	0.090144491	-0.001165958	-0.023651228	0.002182005	-0.090367021	0.030488061	-0.014257479	-0.022966984	-0.00472479	-0.063988368	-0.030621872	-0.020313978
2005-11-30 00:00:00	0.177635236	0.215755101	0.020495403	0.04451085	0.080199963	0.043952401	0.076560268	0.014952849	0.047666375	0.058190416	0.063173232	0.009063157	-0.00158977	0.012174773	0.039899458
2005-12-31 00:00:00	0.060011591	-0.027032554	-0.009693056	0.037646955	-0.055274554	-0.00191332	0.028610956	0.017995186	0.000203238	0.004729702	-0.030714015	0.001168855	0.008591555	0.034600742	-0.008558167
2006-01-31 00:00:00	0.050355036	-0.049416792	0.108091803	0.010056332	0.076481712	0.024014056	0.048216411	0.146094855	0.008841219	0.002864807	0.033492242	0.001718108	0.024211443	0.012925699	0.017763929
2006-02-28 00:00:00	-0.092968239	-0.164658659	0.000283419	0.034968948	-0.042236134	0.00572553	-0.021424102	-0.092265229	0.021283405	0.031100358	0.002314997	0.008572179	0.013063921	0.011515276	0.007222381
2006-03-31 00:00:00	-0.084245886	-0.024305552	0.110906492	0.012153705	0.012653543	0.016503362	0.046638053	0.042437755	0.002898286	0.044229314	0.022633094	0.008246263	-0.046315492	-0.012774369	0.005884009
2006-04-30 00:00:00	0.122289939	-0.036134677	0.023340229	0.098726711	-0.1124585	0.012632192	0.035548675	0.050367701	0.043317563	0.021597866	-0.013098475	0.009745742	0.015893693	-0.030956763	0.012774295
2006-05-31 00:00:00	-0.150873687	-0.017040571	-0.058269037	-0.060378982	-0.058454702	-0.030120947	-0.040298116	-0.027826522	-0.037691086	-0.017086721	-0.064988485	0.002098381	0.016283396	-0.020974538	-0.016719854
2006-06-30 00:00:00	-0.041827161	0.11759606	-0.003445289	-0.01500932	0.028697664	0.002608401	0.005160687	0.025381988	-0.00462509	-0.001284759	-0.004895262	0.018404338	0.022944587	0.000349375	-0.001750044
2006-07-31 00:00:00	0.186659657	-0.304808708	0.017876832	0.095055315	0.032618107	0.004478252	-0.037382897	0.033480063	0.022881925	-0.056788309	-0.026069925	0.015709088	0.048002917	0.054563633	-0.03324331
2006-08-31 00:00:00	-0.00161881	0.146522894	-0.026841695	0.00087674	0.072095976	0.02182282	0.030096777	-0.05080986	0.011789531	0.011289373	0.070202435	0.038665207	0.027481968	0.028535661	0.019826432
2006-09-30 00:00:00	0.134561929	0.041842329	0.138042581	0.02847108	0.064202973	0.027001046	-0.000138197	-0.036589083	0.040253003	0.038179586	0.040336249	-0.000503997	-0.014544514	0.015345705	0.063706399
2006-10-31 00:00:00	0.053260477	0.185865549	0.124039657	0.01746664	0.049725078	0.031516692	0.060050732	0.042656544	0.023397078	0.028194598	0.039544792	0.017730363	0.052956517	0.003314453	0.064663933
2006-11-30 00:00:00	0.130488115	0.059070622	0.026397418	-0.024452137	0.026136554	0.019885402	0.043530258	0.085770845	0.007055942	0.024504189	0.028421776	-0.008517503	0.026543731	-0.001201179	0.012630941
2006-12-31 00:00:00	-0.074405042	-0.021814602	0.023357481	0.043647204	0.017030458	0.013371143	0.006316856	-0.028173323	0.037633954	0.004926174	-0.005386495	0.025089147	0.008538128	0.010452416	0.021685173
2007-01-31 00:00:00	0.010490211	-0.045362417	0.0660382	0.061926553	0.033489163	0.015040595	0.040470483	-0.009210246	0.00925406	0.020851675	0.020206379	0.020290527	-0.003540532	0.030456926	0.028676157
2007-02-28 00:00:00	-0.013064384	0.03902313	-0.049066666	-0.030237805	-0.084002706	-0.019617533	0.026758816	-0.020485502	-0.030474593	-0.011192514	-0.026970119	-0.015384831	0.053020088	-0.02318183	-0.029903849
2007-03-31 00:00:00	0.098097059	0.016607091	0.024187996	-0.020449248	-0.010649322	0.011588784	0.023611372	0.062877317	-0.004728359	0.008119017	0.009960921	0.020664166	0.035928169	0.001952194	-0.004727005
2007-04-30 00:00:00	0.074158275	0.541342056	0.059669311	0.084534745	0.074273353	0.044295523	0.014980343	0.051261118	0.038731219	0.046413975	0.047170063	0.028142787	0.049118349	0.073105819	0.023665129
2007-05-31 00:00:00	0.21432817	0.127343834	0.055853254	-0.005181844	0.028370563	0.033920628	0.059037251	0.077797192	0.024047943	0.051881494	0.050368654	0.013503275	0.004561605	0.017169593	0.030054217
2007-06-30 00:00:00	0.00701353	-0.010558226	-0.060956616	-0.065213359	-0.039752084	-0.014621225	-0.005318436	0.013035545	-0.040164077	0.000270263	-0.001248894	-0.019926003	-0.047472208	-0.033477458	-0.017469674
2007-07-31 00:00:00	0.079646492	0.148077718	-0.129511217	-0.084563159	-0.016288391	-0.031309786	-0.026666812	0.000144868	-0.090658078	0.009477329	-0.001953017	-0.02846585	-0.039919257	-0.047578556	-0.05924227
2007-08-31 00:00:00	0.051002023	0.017443376	-0.065466423	0.011588508	-0.005494844	0.012832595	-0.0068498	0.012029247	0.02583614	0.0002534	0.019178367	0.023592236	0.015789434	0.02289637	0.006216122
2007-09-30 00:00:00	0.108246576	0.165686363	0.231406659	0.02920021	0.025409024	0.038714165	0.08053699	0.073991648	0.024412758	0.047378566	0.037784103	0.045942514	0.038362232	0.031199025	-0.008796517
2007-10-31 00:00:00	0.237700894	-0.042941492	0.145640087	0.03408559	0.24949121	0.013566536	0.041558007	0.02540027	-0.017191246	-0.012901476	0.053022066	0.015368202	0.066583168	0.018670631	-0.004887583
2007-11-30 00:00:00	-0.040694713	0.015815996	-0.085833942	-0.029362125	-0.084186825	-0.038732475	-0.050387574	-0.042111777	-0.080936811	-0.028360693	-0.07535234	0.027455114	0.006596084	0.01277424	-0.054570026
2007-12-31 00:00:00	0.087037614	0.022968219	-0.051138372	-0.043182839	0.059524148	-0.011260528	0.010722375	0.08281319	-0.058272275	-0.001334198	0.019913641	-0.008298874	-0.001812765	-0.028276393	-0.049531349
2008-01-31 00:00:00	-0.31663985	-0.161269457	-0.070442862	0.095447133	-0.084270006	-0.06046121	-0.041966329	-0.12287332	0.007258976	-0.055158332	-0.127907122	-0.055555418	-0.073470315	-0.045595987	-0.003669578
2008-02-29 00:00:00	-0.076388747	-0.170270222	-0.149937687	-0.14240523	-0.16240193	-0.025842558	0.023028881	0.092672052	-0.113589366	-0.020270082	-0.047311926	-0.002573595	-0.04105018	-0.026706111	-0.038673975
2008-03-31 00:00:00	0.147816211	0.105940774	-0.024995232	0.056580844	0.043382247	-0.008942176	-0.014058468	-0.023362693	-0.029401218	0.036306665	0.011560645	0.032398512	0.016052694	-0.045441121	-0.01786478
2008-04-30 00:00:00	0.212195254	0.102804963	0.159231894	0.118472952	0.004932895	0.047662131	0.053273631	0.103834982	0.069963556	0.029411383	0.062500216	-0.007537444	0.051133374	0.009945313	0.023762925
2008-05-31 00:00:00	0.085081852	0.03802627	-0.078172902	-0.097586931	-0.003357096	0.015116579	0.051996873	0.051987955	-0.069522732	0.008831571	0.065125593	0.030379643	0.035857562	0.019059679	0.027345038
2008-06-30 00:00:00	-0.112900425	-0.101568251	-0.00855982	-0.202092749	-0.02860173	-0.083575937	-0.058163168	0.031554068	-0.174494046	-0.12025494	-0.093673408	-0.056994948	-0.007463	-0.042309357	-0.115343253
2008-07-31 00:00:00	-0.050704663	0.041047244	0.054305406	0.197464926	-0.065067341	-0.008985578	-0.03235101	-0.159132018	0.067621623	0.007938488	-0.024443411	0.024299061	-0.064373257	0.044800331	0.001755781
2008-08-31 00:00:00	0.066561345	0.058553857	-0.109051937	-0.052670112	0.065273916	0.015453754	-0.015601832	0.003360215	-0.009709143	0.027421557	0.017897223	0.027006963	-0.011029735	0.02065744	0.069049937
2008-09-30 00:00:00	-0.329558192	-0.09961633	-0.219369597	0.213301991	-0.021986019	-0.094173674	-0.154774828	-0.149308783	-0.062527139	-0.120717735	-0.124479858	-0.012511876	-0.109824908	-0.074310973	-0.082022141
2008-10-31 00:00:00	-0.053404915	-0.213304013	-0.275138863	-0.109887175	-0.163357271	-0.16518677	-0.223952043	-0.187993525	-0.219205395	-0.18246776	-0.16120898	-0.126086972	-0.130003181	-0.114808521	-0.176343763
2008-11-30 00:00:00	-0.138674351	-0.254018178	-0.146053647	-0.232484939	-0.088357286	-0.069606338	-0.106867656	-0.021789984	-0.184803716	-0.082207888	-0.084084266	-0.002073181	0.041854208	-0.063157713	-0.10835534
2008-12-31 00:00:00	-0.078990214	0.200936718	0.068362559	-0.004105819	-0.038575541	0.009796136	-0.005757581	-0.044991509	0.003706865	0.023260792	0.015898392	0.000159764	-0.02401006	0.071900253	0.060708778
2009-01-31 00:00:00	0.056004766	0.147035903	-0.043370088	-0.181059329	-0.120370347	-0.082114329	-0.073878886	-0.017793789	-0.261980956	-0.119982712	-0.047371725	-0.072057068	-0.001722511	-0.012052396	-0.106166471
2009-02-28 00:00:00	-0.009097745	0.101496111	0.134364378	-0.104272871	-0.049080168	-0.107449061	-0.080246449	-0.123401487	-0.177489053	-0.170305831	-0.03814711	-0.080812532	-0.125258671	-0.123903879	-0.090767281
2009-03-31 00:00:00	0.177023728	0.133508279	0.164031544	0.163238175	0.137461733	0.083310752	0.153595312	0.037642578	0.170837752	0.088172644	0.111809667	0.042484009	0.019023462	0.060057544	0.126976157
2009-04-30 00:00:00	0.197012517	0.096405147	0.212035532	0.243744962	0.102884883	0.099346226	0.155785809	0.078191197	0.217934267	0.18068405	0.104353032	0.042653908	0.011741479	-0.001239231	0.185241365
2009-05-31 00:00:00	0.079313763	-0.031420751	0.127952132	0.11818205	0.037644159	0.058453718	0.058433935	0.128877289	0.139794796	0.033547679	0.023188238	0.050908951	0.035590293	0.068238288	-0.00729901
2009-06-30 00:00:00	0.048744592	0.072701705	0.019851461	-0.075609842	0.137865182	-0.000655263	-0.04537227	-0.065489239	-0.017855694	-0.017042315	0.036397061	0.001989176	0.053715991	0.023701383	0.002534136
2009-07-31 00:00:00	0.147159657	0.025101582	0.107569347	0.134762418	-0.010517335	0.074605711	0.128682051	0.053486014	0.088702571	0.087431672	0.081823467	0.066550282	0.03764836	0.059293532	0.094887294
2009-08-31 00:00:00	0.02950004	-0.053288241	0.015416704	0.124450161	0.05393656	0.03693979	0.023695263	0.010865543	0.129900358	0.047738558	0.016243955	0.012235329	0.010020716	0.026910329	0.035219581
2009-09-30 00:00:00	0.101896543	0.14989528	0.11416642	0.008283285	0.043408057	0.035457284	0.042216684	0.058423488	0.019476548	0.058338231	0.046323562	0.033108872	0.013779619	0.006151672	0.053487972
2009-10-31 00:00:00	0.016994913	0.272600651	-0.076918714	-0.045628712	0.078148961	-0.019225442	-0.051712811	0.024666179	-0.059571062	-0.03986318	-0.012458423	0.014533515	-0.032049121	-0.020927345	-0.023662004
2009-11-30 00:00:00	0.06053051	0.143927333	-0.000866936	0.017236956	0.065272159	0.061606676	0.107702746	0.028416271	0.043415932	0.087782009	0.055312936	0.036778467	0.048256279	0.09298161	0.067114121
2009-12-31 00:00:00	0.054124369	-0.010227352	-0.004833625	-0.019298262	0.036382227	0.019101126	0.02068926	0.008804589	-0.014088987	0.016740956	0.058038342	-0.002214666	0.054713826	0.018305273	0.045866404
2010-01-31 00:00:00	-0.088596924	-0.067722274	-0.119165756	-0.064392225	-0.075459058	-0.036342446	-0.086389731	-0.044027246	-0.015277617	-0.014753686	-0.085913649	-0.010200247	-0.048033766	0.006759056	-0.02888806
2010-02-28 00:00:00	0.065396323	-0.055896674	0.053661775	0.077812112	0.022145668	0.031194588	0.045122618	0.030091902	0.035260646	0.053323784	0.034828277	0.0316796	-0.013206713	0.003836493	0.055689911
2010-03-31 00:00:00	0.148470149	0.146706102	0.0913337	0.066237654	0.02162495	0.060879896	0.079161889	0.028168619	0.088989022	0.086929558	0.068398111	0.037673978	0.026905976	0.026673996	0.078068498
2010-04-30 00:00:00	0.111021431	0.009795992	-0.149036274	-0.047427881	0.042677034	0.015469937	0.002063798	0.041550831	0.013166243	0.042573591	0.012554116	-0.010741042	0.026297907	-0.038904843	0.060292536
2010-05-31 00:00:00	-0.016124465	-0.084901579	-0.003989073	-0.070455196	-0.151394223	-0.079454432	-0.095322177	-0.114505046	-0.091584338	-0.091188215	-0.074818637	-0.046326413	-0.055190757	-0.065090319	-0.070361908
2010-06-30 00:00:00	-0.020826715	-0.129124797	-0.090045364	-0.075037895	-0.108139736	-0.051740812	-0.073321061	-0.059254965	-0.057287182	-0.068752269	-0.053965744	-0.025314175	-0.007020208	-0.018243017	-0.097191714
2010-07-31 00:00:00	0.022740631	0.078985878	0.148929617	0.101750177	0.121686468	0.068300608	0.128304298	0.083735739	0.065170059	0.104265579	0.074509506	0.058039232	0.074663615	0.013120546	0.079299443
2010-08-31 00:00:00	-0.055004834	0.058868458	-0.089817125	-0.097318511	-0.085811652	-0.044980689	-0.03030309	-0.049034036	-0.078178168	-0.069329883	-0.05611368	-0.018532491	0.014487793	-0.016450842	-0.039758173
2010-09-30 00:00:00	0.16721521	0.258191102	0.055868118	0.046754619	0.043459565	0.089554468	0.077549699	0.0999553	0.060637469	0.115268174	0.116636871	0.060378715	0.028948109	0.090633387	0.110214994
2010-10-31 00:00:00	0.06072199	0.052018326	0.114469574	-0.010022499	0.089015968	0.038202058	0.061623213	0.056725272	0.014634498	0.028772241	0.05777604	0.031922568	0.010835208	0.022302421	0.055372503
2010-11-30 00:00:00	0.033789969	0.061550556	-0.028834905	-0.006112034	-0.047048927	0	0.011206628	0.058575359	-0.006868	0.01336217	-0.016427182	-0.015640783	-0.030264523	-0.028873904	0.025241155
2010-12-31 00:00:00	0.036670117	0.026225805	0.076982044	0.134224703	0.104909007	0.066852482	0.100377652	0.093184382	0.107042263	0.074767392	0.055556504	0.04399555	0.03105309	0.046032446	0.040958254
2011-01-31 00:00:00	0.051959238	-0.057555559	-0.026998424	0.060622795	-0.006449446	0.023300082	0.000781247	0.071794928	0.028212995	0.039288825	0.031758521	-0.0146705	0.012124933	0.005713928	-0.006147997
2011-02-28 00:00:00	0.040935053	0.021516116	0.003104472	0.038940419	-0.035805766	0.034737467	0.026534703	0.073684477	0.027438863	0.021247093	0.021931289	0.029085711	0.012295091	0.031250325	0.059978799
2011-03-31 00:00:00	-0.01330659	0.039471475	-0.031627704	-0.012635967	-0.044770176	0.000120093	0.017540894	0.01882416	-0.024753625	0.02230387	-0.015509342	0.01245914	0.002313165	0.018085168	-0.005814634
2011-04-30 00:00:00	0.004648427	0.0870482	-0.047856552	-0.004828076	0.020874118	0.028961428	0.021239513	0.009153915	-0.000610346	0.027343101	0.02609394	0.053475885	0.040476934	0.06433106	0.03841193
2011-05-31 00:00:00	-0.006569163	0.004494177	-0.065674631	-0.052377697	-0.028783541	-0.01121457	-0.027404096	-0.041874075	-0.032966975	-0.027648696	-0.010471666	0.025063478	0.021411089	0.024687864	-0.002712323
2011-06-30 00:00:00	-0.03495971	0.039656327	-0.054288579	-0.053191512	0.039584386	-0.01686977	-0.004018724	-0.019221408	-0.027454259	-0.005457291	-0.024832623	-0.026647929	-0.001438143	-0.011240122	-0.002176628
2011-07-31 00:00:00	0.163285336	0.088170562	0.01412583	-0.005897906	0.05384614	-0.020004402	-0.034544527	0.014598704	-0.035830247	-0.068743095	0.004280185	-0.01280798	-0.009259666	-0.039684591	-0.013926848
2011-08-31 00:00:00	-0.014469071	-0.032761138	-0.136315521	-0.071446379	-0.023069642	-0.054975834	-0.070244293	-0.102157859	-0.095945877	-0.065744184	-0.053080647	0.001945928	0.021706619	-0.021102167	-0.052459367
2011-09-30 00:00:00	-0.009120732	0.004646193	-0.18645663	-0.198083261	-0.064286065	-0.069420532	-0.164794643	-0.144234859	-0.113910694	-0.093100247	-0.030695667	-0.032955906	0.002161033	-0.044879806	-0.068951748
2011-10-31 00:00:00	0.061522991	-0.012579204	0.158646301	0.164209645	0.069907606	0.109147177	0.173365295	0.191420489	0.143099816	0.143736942	0.102118563	0.046527611	0.036585245	0.057673865	0.119333925
2011-11-30 00:00:00	-0.055783519	-0.099386454	-0.121579194	-0.109033333	-0.032196012	-0.004064022	0.002031739	0.016640191	-0.051111133	0.014063316	-0.014994178	0.027705969	0.010330124	0.009534915	-0.007175989
2011-12-31 00:00:00	0.059654974	-0.099797118	-0.056644975	0.073619585	0.014855436	0.01044852	-0.022793303	-0.020423153	0.021332188	0.002542524	-0.002288735	0.027703119	0.033313875	0.029650414	0.013074275
2012-01-31 00:00:00	0.127110613	0.123281315	0.232666083	0.129880055	0.137519149	0.046374622	0.109851118	0.022566218	0.081538382	0.073185323	0.062082035	-0.01415861	-0.036130855	0.031997839	0.058944583
2012-02-29 00:00:00	0.18831082	-0.075858876	0.03604341	0.052010396	0.081915167	0.043405344	-0.005648266	0.05927286	0.049786748	0.027885133	0.071032436	0.037465246	0.006054883	0.010614301	0.045256503
2012-03-31 00:00:00	0.105283195	0.126996448	0.08016328	0.171763459	0.016383207	0.03216385	0.003807596	-0.038098944	0.073878557	0.009789572	0.045141763	0.031008794	0.013590035	0.044771032	0.047206159
2012-04-30 00:00:00	-0.025969336	0.145128637	-0.074133416	-0.059127071	-0.007439501	-0.006675627	-0.008114651	-0.00710799	-0.023418073	-0.010956662	-0.011273114	0.00293421	0.017693781	-0.002658485	0.011532609
2012-05-31 00:00:00	-0.010702189	-0.081888705	-0.164938027	-0.228710846	-0.082400538	-0.060055929	-0.077720039	-0.10682227	-0.092028111	-0.063226185	-0.063380354	-0.011702787	0.005609052	-0.036257524	-0.055031861
2012-06-30 00:00:00	0.010852795	0.072518915	0.001672208	0.077827809	0.047961488	0.040581177	0.04912027	0.048099636	0.04999245	0.033712089	0.032637351	0.036394878	0.041110678	0.057120243	0.019368041
2012-07-31 00:00:00	0.045821796	0.021677236	0.052576498	0.01595783	-0.036613198	0.011829426	-0.012751249	0.049419683	0.001365819	0.00392511	0.018447692	0.02473421	0.025142174	0.009996927	-0.005481837
2012-08-31 00:00:00	0.093876604	0.064166314	0.052375169	0.031666559	0.052737675	0.025052198	0.023249054	0.02699213	0.034106688	0.01535887	0.042036691	-0.004771254	-0.041402922	0.011721757	0.046164361
2012-09-30 00:00:00	0.002796354	0.024368643	0.075293256	0.08993005	-0.034393517	0.025351452	0.037664766	0.031158479	0.032636891	0.01117793	0.015328267	0.017566701	0.011692938	0.038089308	0.030807841
2012-10-31 00:00:00	-0.107600194	-0.084263948	0.07661866	0.037248465	-0.040994466	-0.01819839	-0.020923902	-0.020290889	0.019884621	-0.001095	-0.063574451	-0.012280198	0.014014591	-0.002242983	-0.015387641
2012-11-30 00:00:00	-0.012374166	0.082270616	-0.033503715	-0.014395051	-0.05960929	0.00565969	0.018595562	-0.012232902	-0.008805038	0.017539022	0.009005809	0.018366589	-0.042818434	0.005245907	0.031690692
2012-12-31 00:00:00	-0.090743413	-0.004681642	0.082944154	0.070350278	0.003380405	0.008934616	0.031930313	0.010187742	0.046491822	0.028225445	-0.003914268	-0.020766664	-0.000166209	-0.00359361	0.004508777
2013-01-31 00:00:00	-0.144088876	0.058317077	0.159140811	0.077398891	0.027705022	0.051190119	0.039424752	0.083029845	0.060402358	0.057520282	0.019063988	0.056447283	0.047537408	0.075977631	0.056703283
2013-02-28 00:00:00	-0.02528619	-0.00463281	0.016291555	0.039744705	0.021135429	0.012758764	-0.013582692	0.004395726	0.012082944	0.022205345	0.007823336	0.033089411	0.023236738	0.012584272	0.01595842
2013-03-31 00:00:00	0.002854678	0.008400504	-0.017427996	-0.02984439	0.029136704	0.037971536	0.022119739	0.025427032	0.038737948	0.023705743	0.025776825	0.049264781	0.053689113	0.062114446	0.043758613
2013-04-30 00:00:00	0.000270995	-0.047581497	-0.00733905	0.039115593	0.156938173	0.01921215	0.009443273	-0.013113162	0.026908444	-0.007423409	0.01750897	0.029419339	0.059590836	0.030032338	0.030377136
2013-05-31 00:00:00	0.02241923	0.060635967	0.11311146	0.113854449	0.061774156	0.023609736	0.018963391	0.028491049	0.060962465	0.050180918	0.027922228	-0.021739637	-0.090514221	0.016480015	0.027650786
2013-06-30 00:00:00	-0.118293351	0.031537852	-0.066818989	-0.032972825	-0.010315244	-0.013344541	-0.041101359	-0.02266763	-0.015705818	-0.015440527	-0.028917519	-0.003023167	0.00894554	-0.005912697	0.008209167
2013-07-31 00:00:00	0.141225258	0.084734771	0.084496167	0.063390598	-0.078170194	0.051677164	0.055541309	0.052618348	0.053470532	0.059099635	0.0372671	0.043357898	0.043316168	0.071623571	0.052659649
2013-08-31 00:00:00	0.083766822	-0.067193381	-0.069511883	-0.093307245	0.056386867	-0.029992518	-0.001235304	-0.010313023	-0.051244433	-0.024800853	-0.010400323	-0.045421821	-0.04992353	-0.035280049	-0.028465814
2013-09-30 00:00:00	-0.021489035	0.112677067	0.039965891	0.022956835	-0.003592898	0.03164649	0.044284592	0.021142381	0.028215998	0.058669414	0.02532128	0.013710739	0.011473357	0.032074178	0.054229376
2013-10-31 00:00:00	0.096381576	0.164374302	0.016750329	0.004443763	0.064002349	0.04630677	0.041894807	0.041972823	0.03314902	0.047618811	0.050249701	0.064070532	0.03773102	0.043091642	0.045852049
2013-11-30 00:00:00	0.070052905	0.0812845	0.053678628	0.110206033	0.084981016	0.029637599	0.013022581	0.000578975	0.044239341	0.036610601	0.030905936	0.015584321	-0.019339866	0.047185615	0.034536963
2013-12-31 00:00:00	0.008901835	0.013134529	0.049248229	0.022020191	-0.018882886	0.025926542	0.048962962	0.028716736	0.022476246	0.042186136	0.035347635	0.006899071	0.009110225	0.007388847	0.02283222
2014-01-31 00:00:00	-0.107696922	-0.10055419	-0.074128466	-0.047160184	0.011494332	-0.035248346	-0.047165773	-0.057959321	-0.036596418	-0.042671364	-0.025741799	-0.051651755	0.029760677	0.009379648	-0.060003093
2014-02-28 00:00:00	0.057511234	0.009506827	0.017620327	0.026372707	0.020012645	0.045515686	0.069027934	0.05121131	0.030389337	0.040576081	0.043940175	0.039008536	0.034526545	0.062187108	0.063992398
2014-03-31 00:00:00	0.019953029	-0.071057748	-0.015620032	0.068462019	0.069955965	0.008295583	0.008259082	0.021084045	0.033308116	0.009565216	0.004302139	0.021929983	0.033509466	-0.012578219	-0.028670632
2014-04-30 00:00:00	0.099395963	-0.095846808	-0.024595797	-0.072099929	-0.014394094	0.006951573	0.008248944	0.052548506	-0.017009806	0.013376752	0.002750926	0.027403642	0.042209393	-0.006325658	-0.013597115
2014-05-31 00:00:00	0.078709318	0.027685473	0.003348676	-0.007323891	0.020515135	0.023206246	0.029578644	0.016748527	0.015027001	0.019234178	0.037585635	0.018082959	-0.010877039	0.028733653	0.028821973
2014-06-30 00:00:00	0.027661939	0.039129776	0.04774414	0.036890548	0.018564216	0.020644822	0.016144936	0.05513325	0.02422683	0.004748988	0.018689127	-0.00253277	0.044419154	0.021215322	0.019386654
2014-07-31 00:00:00	0.028731055	-0.036301523	0.032429428	0.007864279	0.03501208	-0.013437538	-0.019943396	-0.034665216	-0.014512409	-0.041250728	0.016949494	-0.03316907	-0.06800713	0.001315222	-0.012735726
2014-08-31 00:00:00	0.077509102	0.083229557	0.039309844	0.030865403	0.059169001	0.039463724	0.038643304	0.021835924	0.042391977	0.042253743	0.032820067	0.046129141	0.049212193	0.048431956	0.044467737
2014-09-30 00:00:00	-0.017073307	-0.048961791	0.024900823	0.013288594	0.020470945	-0.013796214	-0.014051443	-0.077513712	-0.004034017	-0.011464002	-0.005170273	0.005887877	-0.01873004	0.004350106	-0.027709005
2014-10-31 00:00:00	0.071960235	-0.052660994	0.034973092	0.010748123	0.012726532	0.023550733	-0.023996517	-0.035312712	0.028916602	0.038758285	0.016039976	0.035468696	0.080304487	0.052573736	0.021142883
2014-11-30 00:00:00	0.105978715	0.108623139	-0.005149941	-0.005291077	0.024740419	0.02747205	0.015702462	-0.08693655	0.023489843	0.030791291	0.04810073	0.055448507	0.011655766	0.03478541	0.054478475
2014-12-31 00:00:00	-0.071890896	-0.083540064	0.028766844	0.040226103	-0.028446437	-0.002536464	-0.005568978	-0.00210788	0.01870236	-0.000215688	-0.021767615	-0.009356705	0.035671477	-0.014033763	0.008900133
2015-01-31 00:00:00	0.061424245	0.142355379	-0.110508789	-0.1254423	-0.130247323	-0.029629488	-0.018320332	-0.045603581	-0.069551095	-0.035524753	-0.03506646	-0.009692975	0.023295299	0.013015466	-0.029937587
2015-02-28 00:00:00	0.100776608	0.072292909	0.104261601	0.126884918	0.093120189	0.056204766	0.079681112	0.045929476	0.058235495	0.053509092	0.079949704	0.04144123	-0.063948569	0.042875753	0.085440852
2015-03-31 00:00:00	-0.031371782	-0.021201593	-0.009589409	-0.011422976	-0.072747991	-0.015705772	-0.049048491	-0.01155223	-0.006160261	-0.025460701	-0.034355482	-0.019426536	-0.00995296	0.0064063	-0.004830025
2015-04-30 00:00:00	0.005786491	0.133512475	0.04495396	0.051179849	0.196261877	0.009833898	0.033620478	0.065738703	0.000829398	-0.002510303	0.02750976	-0.007591199	-0.004726437	-0.010896337	-0.000531023
2015-05-31 00:00:00	0.045338971	0.017663266	0.053014172	0.039835783	-0.030334248	0.012856188	0.003768133	-0.051886922	0.019477787	0.003235722	0.018553029	0.008683129	0.00633195	0.045042543	0.013145792
2015-06-30 00:00:00	-0.037227464	0.011322567	0.012609845	0.030100047	-0.057831944	-0.02031215	-0.039495534	-0.034834623	-0.004609835	-0.026547065	-0.041128107	-0.01834378	-0.059840358	-0.003920014	0.005544397
2015-07-31 00:00:00	-0.032926736	0.235112601	-0.017816761	0.017973803	0.057757804	0.022589233	-0.050423404	-0.076902989	0.034044306	0.002959697	0.028502349	0.056932796	0.061022945	0.029573608	0.048901928
2015-08-31 00:00:00	-0.066196241	-0.043383398	-0.077143907	-0.064643066	-0.061949185	-0.060949857	-0.056365484	-0.042519237	-0.07060705	-0.054039143	-0.05519024	-0.059630344	-0.034780755	-0.079644274	-0.065320715
2015-09-30 00:00:00	-0.021816244	-0.001949736	-0.078684988	-0.048829972	0.017003919	-0.025516194	-0.074214263	-0.071934036	-0.028134251	-0.022040601	-0.013718562	0.003898509	0.029174395	-0.057029117	-0.005869532
2015-10-31 00:00:00	0.083409047	0.222723645	0.079074567	0.061400581	0.189335735	0.085059668	0.134268675	0.111601249	0.062665568	0.087793421	0.105063187	0.057003561	0.010626183	0.077155145	0.090358027
2015-11-30 00:00:00	-0.005804266	0.062150442	0.016910255	0.037821113	0.039443985	0.003655184	0.009937919	-0.000147003	0.019933319	0.008660472	0.007101981	-0.009222177	-0.021257296	-0.003223743	-0.002346446
2015-12-31 00:00:00	-0.110228387	0.016681749	-0.051520796	-0.009747975	0.020791308	-0.017282657	-0.043400868	-0.105169439	-0.02364366	-0.025724546	-0.020811585	0.029176949	0.021191307	0.01722898	-0.028431163
2016-01-31 00:00:00	-0.075242376	-0.131515502	-0.103589737	-0.092849733	-0.007029716	-0.049786398	-0.10709333	-0.034980165	-0.088543776	-0.056970206	-0.03712356	0.005347343	0.049445923	-0.077190048	-0.051816729
2016-02-29 00:00:00	-0.001287642	-0.058739319	-0.07044038	-0.053781542	-0.069789088	-0.000826166	0.078153259	-0.028001983	-0.029005377	0.042608643	-0.006547151	0.003152374	0.0193748	-0.00361089	0.004452789
2016-03-31 00:00:00	0.127211006	0.074422634	0.049822863	0.051865106	0.085495182	0.067266245	0.075730302	0.101659006	0.071591133	0.069735137	0.088217252	0.047383328	0.079764309	0.027074599	0.066974124
2016-04-30 00:00:00	-0.139921256	0.111094284	0.045419964	0.075108428	-0.097048762	0.003941014	0.051104616	0.090645004	0.036000109	0.012439022	-0.050270546	-0.014323517	-0.024183664	0.029654929	0.001264339
2016-05-31 00:00:00	0.07177283	0.095817021	-0.024229207	0.032753126	0.070196608	0.017011664	-0.003396904	-0.009333536	0.018876284	-0.004273423	0.048896208	0.006883219	0.015076279	0.022352904	0.000505118
2016-06-30 00:00:00	-0.042659583	-0.00991987	-0.068347416	-0.047954711	-0.03452821	0.003475691	-0.007845642	0.02720699	-0.032327074	0.007131711	-0.013778049	0.053585119	0.076280914	0.009091254	-0.011395572
2016-07-31 00:00:00	0.090062618	0.060353264	0.068851839	0.037463432	0.107679981	0.036471314	0.050712113	-0.0126026	0.034558031	0.03624353	0.071016921	-0.008159393	-0.00667048	0.048668502	0.04560598
2016-08-31 00:00:00	0.023651958	0.013639746	0.071233929	0.05518218	0.020080072	0.001197701	-0.002669973	0.016770805	0.038477983	0.00947621	0.011625297	-0.005850152	-0.05544914	-0.032446769	-0.012987048
2016-09-30 00:00:00	0.065504309	0.088603186	-0.048330044	-0.013481495	0.002436546	5.78827E-05	-0.011611805	0.036881756	-0.028017886	0.001861503	0.021018216	-0.015455297	0.003610819	-0.00509675	-0.002666377
2016-10-31 00:00:00	0.004334271	-0.056717333	0.105227358	0.047657	0.040277749	-0.017336945	-0.020942217	-0.028182983	0.022797839	-0.020041186	-0.00753464	-0.007705396	0.008981491	-0.065871353	-0.02423809
2016-11-30 00:00:00	-0.021600796	-0.049694867	0.234121056	0.157522254	0.012468092	0.036838532	0.068235181	0.084668981	0.140324309	0.090893229	0.001687085	-0.042045466	-0.054218384	0.020635231	0.048015621
2016-12-31 00:00:00	0.047955003	-0.000932641	0.091933165	0.076337889	0.031198048	0.02027165	0.001766365	0.017307758	0.037564646	0.003060628	0.022598445	0.029965885	0.048988179	0.007162777	0.000390363
2017-01-31 00:00:00	0.047746647	0.098163663	-0.042305305	-0.013810983	0.040392775	0.01789463	0.045472865	-0.032129541	0.002580453	0.018643476	0.035566553	0.017017991	0.012559253	0.022918664	0.042137619
2017-02-28 00:00:00	0.133777772	0.026181569	0.084547125	0.070778902	-0.004363968	0.039291694	0.005581256	-0.020850413	0.052767288	0.039129223	0.045327248	0.047727741	0.052663758	0.063386155	0.018153837
2017-03-31 00:00:00	0.048689685	0.049110103	-0.073933651	-0.030677543	0.029384455	0.001249911	0.006218508	-0.014860111	-0.029561217	-0.007655659	0.022260547	-0.004226925	-0.001353304	-0.004806034	0.021339397
2017-04-30 00:00:00	-6.96775E-05	0.043370872	-0.02577053	-0.003872102	0.03947761	0.009926015	0.012593072	-0.029470604	-0.008428152	0.019674042	0.020071104	0.010993186	0.007600819	0.015330573	0.023990918
2017-05-31 00:00:00	0.06780753	0.075276496	-0.052854236	-0.05574681	0.026005002	0.014113048	0.000188513	-0.03537726	-0.011899475	0.017787326	0.039536704	0.026458875	0.041392627	0.007682475	0.010992842
2017-06-30 00:00:00	-0.057214164	-0.026763985	0.050364518	0.112598668	-0.013029654	0.00637485	0.018502278	-0.001116732	0.065133235	0.013512583	-0.02811809	-0.022534688	-0.027088357	0.045671151	-0.01259388
2017-07-31 00:00:00	0.032703994	0.020433915	0.015457327	0.009900768	0.054693307	0.020554253	0.015424724	0.026186196	0.017024644	0.002936327	0.044590427	0.006916518	0.024249191	0.008202815	0.019301643
2017-08-31 00:00:00	0.106999296	-0.007268879	-0.00366515	-0.009912673	0.033952924	0.002917736	0.007869518	-0.054788395	-0.015543968	0.002195918	0.029216196	-0.01102674	0.032882573	0.017524132	-0.018607721
2017-09-30 00:00:00	-0.060243902	-0.019630839	0.060114517	0.050830664	-0.003745173	0.020149494	0.036970214	0.101823087	0.05133008	0.041844403	0.00817847	-0.007149956	-0.027567413	0.009113774	0.008239064
2017-10-31 00:00:00	0.096807835	0.149716604	0.022302634	0.059555092	0.11666013	0.023563846	0.038732326	-0.008323418	0.028615345	0.007464908	0.065143916	-0.016487545	0.039019928	-0.007585802	0.02120331
2017-11-30 00:00:00	0.020277847	0.06466232	0.024489675	0.038862986	0.016983776	0.030566016	0.00949165	0.017522985	0.034586661	0.041660854	0.014138093	0.055754283	0.026850403	0.02909631	0.050657723
2017-12-31 00:00:00	-0.015245921	-0.006186556	0.028751268	0.023153494	0.01627681	0.012128005	0.021269631	0.052694097	0.018881319	0.021085452	0.005458212	0.022530067	-0.060581838	-0.005504861	0.02458233
2018-01-31 00:00:00	-0.010636256	0.240638966	0.0515388	0.087269152	0.110708174	0.056359104	0.039980033	0.035842867	0.065567846	0.053653852	0.070367294	0.016347559	-0.031131326	0.06555396	0.092410638
2018-02-28 00:00:00	0.06818475	0.042429086	-0.015759904	-0.001469698	-0.008415054	-0.036360504	-0.052740089	-0.108349979	-0.029253451	-0.038630144	-0.004090481	-0.076271447	-0.038793133	-0.044948875	-0.034690759
2018-03-31 00:00:00	-0.058050568	-0.043049349	-0.042102579	-0.047878726	-0.026660942	-0.027410449	-0.041463517	0.017230311	-0.041553245	-0.026883188	-0.037337949	-0.00906874	0.037965093	-0.029166033	-0.023847144
2018-04-30 00:00:00	-0.015019702	0.082074731	-0.053720206	-0.005804908	0.024651817	0.005168177	0.001229337	0.094941276	-0.004352309	-0.027863664	0.000611501	-0.041421344	0.020383775	0.010565158	0.023792978
2018-05-31 00:00:00	0.135124046	0.040539412	-0.048887154	-0.016271423	0.061467477	0.024309062	0.02052282	0.029941605	-0.009836285	0.030739272	0.067827393	-0.015659057	-0.011055129	0.001823532	0.019864948
2018-06-30 00:00:00	-0.009418265	0.043065288	-0.02350797	-0.02625938	-0.002327055	0.005750764	0.002755573	0.005695507	-0.017469429	-0.033889785	-0.002631449	0.045690285	0.028138387	0.016493029	0.036186672
2018-07-31 00:00:00	0.027983176	0.045675897	0.07643823	0.109161879	0.075753046	0.037046506	0.028586076	0.015538399	0.051147296	0.073851756	0.020872269	0.039588593	0.015973937	0.065540624	0.018023842
2018-08-31 00:00:00	0.200422202	0.13236454	0.004917663	-0.00321875	0.062992739	0.031920042	-0.007701243	-0.034750742	0.013595571	0.002340313	0.06598992	0.003920115	0.012881278	0.043292396	0.051046971
2018-09-30 00:00:00	-0.008302946	-0.004824322	-0.057062471	-0.015185833	0.018160842	0.005945544	-0.01795414	0.024459687	-0.022154635	0.02177358	-0.000192552	0.009872216	-0.006483258	0.029542124	0.005304401
2018-10-31 00:00:00	-0.030477491	-0.202191708	0.005039182	-0.027087648	-0.066101376	-0.069104357	-0.09183514	-0.11328219	-0.047135785	-0.10867352	-0.080047706	0.020025741	0.019752958	-0.06778747	-0.101006675
2018-11-30 00:00:00	-0.181197509	0.05767175	-0.15045376	0.019904656	0.042683881	0.018549384	0.038015696	-0.015634323	0.026255802	0.03806541	-0.019624823	0.022723245	0.035388412	0.080834037	0.024767427
2018-12-31 00:00:00	-0.11669853	-0.111349786	-0.123970885	-0.122043217	-0.084047332	-0.088048527	-0.068877217	-0.124392023	-0.111289511	-0.106590256	-0.083765029	-0.0891453	-0.039944676	-0.093536256	-0.079562254
2019-01-31 00:00:00	0.055154065	0.144317139	0.185333554	0.06884363	0.028157884	0.080065531	0.056017365	0.11211863	0.089000899	0.114267955	0.069377299	0.051398192	0.034769437	0.048086599	0.098676882
2019-02-28 00:00:00	0.044776656	-0.045906003	-0.002604047	0.008309119	0.077357576	0.032415668	0.031865093	0.023048047	0.02235929	0.063675636	0.06910079	0.017793483	0.04108834	0.010808582	0.013145726
2019-03-31 00:00:00	0.097025616	0.085935766	-0.02394493	-0.029992198	0.052753871	0.018100796	0.012529198	0.021280973	-0.025594069	-0.011494912	0.047686925	0.038230014	0.027914752	0.004819201	0.036552872
2019-04-30 00:00:00	0.056435811	0.081858778	0.072555644	0.155171357	0.107342721	0.040852332	0.035135115	-0.000151431	0.089848467	0.039717402	0.06364827	0.028515289	0.009283178	-0.027139064	0.054633457
2019-05-31 00:00:00	-0.1242128	-0.078613288	-0.109787566	-0.086945432	-0.049480774	-0.063771037	-0.081810283	-0.111027044	-0.071734574	-0.076400277	-0.086647052	-0.036388647	-0.007835253	-0.022182228	-0.076039011
2019-06-30 00:00:00	0.130519031	0.066791767	0.121157023	0.055115352	0.083117659	0.069586296	0.115637252	0.093951626	0.066537008	0.079204206	0.089382859	0.052195369	0.031863149	0.065940028	0.078158978
2019-07-31 00:00:00	0.076394511	-0.014179103	0.075904315	0.044912626	0.017244093	0.015119536	-0.002734974	-0.015852953	0.023550773	0.005166802	0.034981882	0.023419964	-0.001341759	-0.016191664	0.012751857
2019-08-31 00:00:00	-0.016461187	-0.048473837	-0.067870092	-0.052930968	0.015036682	-0.016743482	-0.028282523	-0.083253677	-0.047079744	-0.026471482	-0.015352118	0.021706312	0.05088181	-0.005924968	-0.00944339
2019-09-30 00:00:00	0.072961602	-0.022732777	0.016281594	0.071272394	0.008486816	0.019458012	0.031797759	0.039342977	0.045421501	0.030113856	0.015728579	0.017512526	0.042516268	-0.001055637	0.012714459
2019-10-31 00:00:00	0.110684495	0.023474719	0.029677288	0.069935404	0.031216168	0.02210461	-0.000171815	-0.020945973	0.025000069	0.011335797	0.038991592	-0.004233088	-0.007568681	0.051259222	0.001242714
2019-11-30 00:00:00	0.077553998	0.013587301	0.043199996	0.054755046	0.05946245	0.036198162	0.031792351	0.016045476	0.050522681	0.044962496	0.053663364	0.013734484	-0.018677029	0.05002635	0.013239532
2019-12-31 00:00:00	0.098783862	0.026121677	0.038762115	0.057984128	0.041749141	0.029055498	0.028624151	0.06026228	0.026092592	-0.002011101	0.04320615	0.024127283	0.032905297	0.034752816	0.027631692
2020-01-31 00:00:00	0.054010033	0.087063819	0.034010506	-0.044406468	0.079454734	-0.000403796	-0.061706127	-0.109926741	-0.026640716	-0.004418954	0.039925894	0.003175645	0.067471394	-0.026703295	-0.00079731
2020-02-29 00:00:00	-0.114701463	-0.062213734	-0.150378342	-0.122771262	-0.045688099	-0.079165849	-0.085198657	-0.152881798	-0.112483286	-0.099001086	-0.073009471	-0.082146155	-0.098579361	-0.065866315	-0.075726014
2020-03-31 00:00:00	-0.069761519	0.035020555	-0.23001439	-0.224614651	-0.026541552	-0.124871194	-0.139967175	-0.343709474	-0.210359413	-0.186259715	-0.085779606	-0.055320893	-0.099956041	-0.038873717	-0.149133407
2020-04-30 00:00:00	0.155373822	0.268900169	0.186493105	0.074698378	0.13632626	0.126983582	0.151865034	0.307639484	0.094620544	0.088120714	0.137364743	0.06957965	0.033387537	0.125874994	0.188825369
2020-05-31 00:00:00	0.085094276	-0.012784916	0.077953742	0.016186311	0.025391187	0.047645256	0.068812739	0.019999842	0.027205133	0.053885597	0.071764563	0.016649559	0.042437968	0.032888689	0.065094432
2020-06-30 00:00:00	0.14738615	0.129566747	0.005750765	-0.033398445	0.110559297	0.017734355	0.021814417	-0.010955405	-0.005228299	0.019728214	0.069490417	-0.002246223	-0.046722702	-0.02442558	0.030738791
2020-07-31 00:00:00	0.165131601	0.147113568	0.00172055	0.037441081	0.007370623	0.058892213	0.071162496	-0.048084485	0.038461707	0.044104946	0.056847493	0.069236026	0.077972771	0.054561848	0.072742928
2020-08-31 00:00:00	0.216569339	0.090460974	0.041171766	0.036734352	0.102751909	0.069796716	0.043571845	-0.010546704	0.042862941	0.0847622	0.118808388	0.045933111	-0.025974138	0.025869403	0.095547535
2020-09-30 00:00:00	-0.102526348	-0.087578524	-0.019036394	-0.039125747	-0.06739678	-0.03744358	0.015076232	-0.146066381	-0.034222311	-0.006821698	-0.053351047	-0.016747848	0.010813371	-0.021804614	-0.01863391
2020-10-31 00:00:00	-0.060012097	-0.035754123	-0.059362138	0.027835741	-0.037369745	-0.02493365	-0.007228055	-0.041068507	-0.008724501	-0.014419465	-0.050042737	-0.028705134	0.050522111	-0.036215552	-0.027282604
2020-11-30 00:00:00	0.095493252	0.043439929	0.21974191	0.202366294	0.060060518	0.108776921	0.123615013	0.279944192	0.168482766	0.160274169	0.113837275	0.074686789	0.007374111	0.079480674	0.099950953
2020-12-31 00:00:00	0.114573678	0.028058324	0.149914911	0.07796075	0.039005832	0.037048307	0.024816128	0.044801452	0.063060449	0.010068336	0.055416335	0.016510344	0.006204279	0.037978256	0.024278457
2021-01-31 00:00:00	-0.005501557	-0.015576012	0.028288737	0.019883868	0.042891914	-0.010190393	-0.024174595	0.037466897	-0.017978293	-0.042687838	-0.00838343	-0.049814732	-0.008771949	0.014016195	0.007650184
2021-02-28 00:00:00	-0.079712001	-0.035328433	0.178153937	0.143778652	0.004117934	0.027805469	0.041194806	0.22456767	0.116062144	0.06889237	0.013650919	-0.012326375	-0.060981491	-0.021037962	-0.005308388
2021-03-31 00:00:00	0.007339584	0.000371863	0.027558676	0.034381955	0.01458816	0.045399288	0.075904302	0.029709873	0.058524195	0.089868648	0.019028633	0.084982034	0.105520614	0.040273233	0.044598237
2021-04-30 00:00:00	0.076217821	0.120662631	0.065596349	0.016329893	0.06960172	0.052910458	0.053807099	0.006726428	0.064904505	0.035347996	0.05187853	0.018591808	0.041848868	0.039318152	0.064556399
2021-05-31 00:00:00	-0.050497084	-0.070470223	0.071248073	0.067810988	-0.007627362	0.00656607	0.050818885	0.057096617	0.047711109	0.031296014	-0.009305666	0.017677478	-0.023381235	0.018709313	-0.033981695
